1	23
2	47
3	6
4	24
5	2
6	26
7	33
8	1
9	11
10	9
11	32
12	5
13	6
14	7
15	9
16	27
17	2
18	36
19	2
20	24
21	4
22	23
23	43
24	11
25	32
26	4
27	11
28	56
29	9
30	19
31	5
32	11
33	9
34	12
35	5
36	45
37	1
38	50
39	3
40	40
41	23
42	11
43	1
44	15
45	8
46	4
47	3
48	58
49	12
50	12
51	39
52	17
53	24
54	3
55	57
56	20
57	3
58	20
59	30
60	1
61	36
62	10
63	9
64	19
65	2
66	16
67	3
68	11
69	25
70	57
71	45
72	44
73	1
74	3
75	45
76	15
77	12
78	55
79	17
80	33
81	12
82	22
83	7
84	35
85	22
86	2
87	15
88	2
89	53
90	1
91	4
92	49
93	8
94	4
95	11
96	32
97	2
98	5
99	22
100	10
101	6
102	56
103	8
104	4
105	24
106	19
107	26
108	5
109	4
110	13
111	11
112	2
113	1
114	10
115	3
116	2
117	2
118	2
119	16
120	5
121	37
122	1
123	31
124	21
125	42
126	8
127	4
128	31
129	18
130	2
131	22
132	4
133	9
134	6
135	16
136	25
137	3
138	8
139	42
140	10
141	42
142	49
143	22
144	39
145	4
146	20
147	4
148	25
149	9
150	7
151	50
152	16
153	39
154	30
155	2
156	5
157	30
158	15
159	6
160	6
161	1
162	43
163	38
164	3
165	4
166	57
167	5
168	35
169	4
170	2
171	12
172	2
173	53
174	31
175	11
176	10
177	1
178	39
179	1
180	35
181	9
182	27
183	10
184	9
185	2
186	2
187	27
188	3
189	24
190	3
191	5
192	39
193	1
194	5
195	6
196	4
197	3
198	4
199	33
200	41
201	19
202	44
203	10
204	13
205	7
206	1
207	2
208	18
209	37
210	5
211	4
212	1
213	11
214	21
215	18
216	1
217	5
218	16
219	8
220	21
221	1
222	8
223	35
224	2
225	4
226	3
227	10
228	1
229	15
230	1
231	1
232	23
233	32
234	43
235	8
236	39
237	14
238	14
239	2
240	19
241	1
242	20
243	1
244	7
245	4
246	56
247	20
248	7
249	1
250	11
251	15
252	8
253	3
254	4
255	21
256	33
257	21
258	1
259	6
260	2
261	11
262	11
263	31
264	7
265	25
266	2
267	32
268	26
269	51
270	47
271	17
272	2
273	12
274	4
275	2
276	22
277	29
278	15
279	5
280	1
281	12
282	34
283	17
284	13
285	1
286	37
287	3
288	2
289	19
290	6
291	10
292	10
293	14
294	1
295	57
296	4
297	45
298	7
299	1
300	39
301	12
302	48
303	8
304	8
305	2
306	1
307	7
308	17
309	53
310	7
311	51
312	3
313	2
314	4
315	13
316	12
317	4
318	11
319	23
320	29
321	33
322	55
323	8
324	6
325	6
326	38
327	2
328	3
329	29
330	25
331	1
332	2
333	31
334	25
335	4
336	2
337	2
338	34
339	10
340	6
341	29
342	24
343	21
344	3
345	3
346	3
347	35
348	2
349	4
350	45
351	13
352	29
353	49
354	8
355	6
356	7
357	31
358	28
359	11
360	20
361	51
362	19
363	8
364	1
365	19
366	7
367	31
368	14
369	35
370	2
371	2
372	1
373	12
374	1
375	5
376	1
377	9
378	7
379	6
380	8
381	3
382	5
383	13
384	8
385	31
386	28
387	6
388	32
389	24
390	60
391	1
392	17
393	22
394	6
395	45
396	5
397	4
398	3
399	31
400	41
401	31
402	2
403	1
404	3
405	4
406	8
407	7
408	13
409	57
410	2
411	3
412	41
413	5
414	23
415	14
416	12
417	24
418	13
419	2
420	27
421	5
422	21
423	28
424	2
425	4
426	8
427	2
428	27
429	19
430	60
431	30
432	2
433	4
434	3
435	4
436	5
437	22
438	48
439	20
440	1
441	6
442	7
443	36
444	3
445	50
446	17
447	4
448	5
449	14
450	19
451	21
452	1
453	21
454	35
455	3
456	29
457	9
458	10
459	4
460	9
461	20
462	6
463	13
464	28
465	50
466	13
467	33
468	6
469	5
470	30
471	9
472	36
473	10
474	10
475	35
476	4
477	24
478	1
479	20
480	52
481	4
482	22
483	11
484	15
485	55
486	5
487	20
488	13
489	13
490	6
491	6
492	3
493	2
494	12
495	2
496	2
497	5
498	7
499	2
500	4
501	2
502	27
503	60
504	4
505	4
506	5
507	30
508	2
509	2
510	6
511	18
512	30
513	41
514	9
515	3
516	1
517	3
518	46
519	12
520	54
521	6
522	3
523	61
524	15
525	10
526	13
527	22
528	5
529	8
530	5
531	4
532	7
533	11
534	24
535	1
536	9
537	29
538	4
539	3
540	56
541	13
542	30
543	37
544	8
545	21
546	24
547	4
548	57
549	4
550	5
551	32
552	60
553	27
554	5
555	55
556	24
557	19
558	45
559	41
560	21
561	58
562	5
563	4
564	2
565	1
566	13
567	8
568	9
569	16
570	18
571	4
572	51
573	1
574	4
575	13
576	24
577	29
578	43
579	5
580	10
581	4
582	25
583	61
584	1
585	1
586	2
587	9
588	6
589	6
590	3
591	42
592	2
593	30
594	2
595	53
596	45
597	32
598	15
599	19
600	8
601	13
602	36
603	13
604	9
605	4
606	16
607	8
608	6
609	24
610	4
611	5
612	1
613	14
614	44
615	22
616	9
617	1
618	54
619	4
620	36
621	35
622	2
623	1
624	14
625	11
626	4
627	48
628	11
629	29
630	57
631	22
632	2
633	2
634	23
635	6
636	14
637	44
638	5
639	13
640	8
641	1
642	29
643	18
644	12
645	1
646	25
647	13
648	3
649	9
650	58
651	15
652	5
653	4
654	11
655	4
656	16
657	46
658	8
659	7
660	2
661	13
662	5
663	9
664	9
665	25
666	61
667	8
668	15
669	61
670	4
671	17
672	1
673	47
674	9
675	11
676	34
677	1
678	5
679	8
680	48
681	2
682	8
683	9
684	43
685	11
686	7
687	12
688	14
689	37
690	10
691	8
692	33
693	40
694	3
695	14
696	40
697	1
698	11
699	46
700	8
701	5
702	2
703	37
704	47
705	21
706	2
707	8
708	59
709	25
710	47
711	5
712	2
713	20
714	17
715	59
716	8
717	46
718	37
719	38
720	14
721	5
722	12
723	2
724	6
725	60
726	7
727	18
728	1
729	2
730	5
731	13
732	2
733	16
734	5
735	9
736	14
737	37
738	6
739	4
740	29
741	6
742	17
743	2
744	19
745	19
746	2
747	37
748	6
749	46
750	6
751	4
752	2
753	2
754	35
755	21
756	4
757	1
758	1
759	3
760	19
761	6
762	59
763	1
764	2
765	57
766	5
767	20
768	31
769	2
770	29
771	10
772	2
773	10
774	1
775	58
776	10
777	3
778	47
779	7
780	18
781	9
782	61
783	27
784	4
785	4
786	31
787	1
788	11
789	16
790	2
791	34
792	3
793	37
794	6
795	13
796	1
797	3
798	60
799	15
800	34
801	27
802	31
803	6
804	56
805	1
806	34
807	1
808	12
809	5
810	4
811	40
812	31
813	5
814	55
815	3
816	22
817	36
818	5
819	7
820	26
821	3
822	4
823	5
824	12
825	16
826	1
827	60
828	51
829	24
830	4
831	4
832	34
833	21
834	19
835	20
836	3
837	3
838	4
839	29
840	2
841	1
842	1
843	14
844	2
845	52
846	11
847	8
848	33
849	7
850	6
851	20
852	6
853	13
854	16
855	10
856	14
857	8
858	10
859	1
860	15
861	1
862	5
863	5
864	4
865	3
866	47
867	10
868	10
869	40
870	13
871	60
872	5
873	5
874	49
875	2
876	19
877	3
878	25
879	43
880	5
881	39
882	32
883	5
884	38
885	12
886	1
887	8
888	7
889	3
890	6
891	11
892	42
893	12
894	43
895	21
896	36
897	2
898	25
899	2
900	10
901	32
902	14
903	3
904	4
905	23
906	11
907	10
908	1
909	54
910	12
911	1
912	19
913	2
914	6
915	44
916	1
917	7
918	4
919	26
920	2
921	38
922	10
923	19
924	5
925	5
926	5
927	26
928	25
929	25
930	35
931	19
932	9
933	12
934	38
935	7
936	18
937	5
938	1
939	6
940	6
941	2
942	5
943	2
944	61
945	21
946	59
947	3
948	2
949	1
950	1
951	42
952	9
953	24
954	10
955	5
956	1
957	33
958	38
959	1
960	9
961	27
962	44
963	58
964	59
965	24
966	24
967	27
968	34
969	28
970	7
971	4
972	2
973	3
974	10
975	10
976	25
977	1
978	28
979	22
980	9
981	4
982	13
983	29
984	8
985	20
986	46
987	34
988	20
989	8
990	21
991	10
992	15
993	12
994	13
995	28
996	21
997	3
998	7
999	55
1000	7
1001	20
1002	4
1003	38
1004	40
1005	21
1006	13
1007	40
1008	10
1009	20
1010	31
1011	42
1012	2
1013	46
1014	23
1015	31
1016	20
1017	21
1018	3
1019	7
1020	5
1021	43
1022	2
1023	19
1024	6
1025	23
1026	1
1027	6
1028	8
1029	6
1030	2
1031	4
1032	1
1033	8
1034	1
1035	1
1036	2
1037	15
1038	1
1039	10
1040	17
1041	30
1042	8
1043	50
1044	1
1045	23
1046	10
1047	2
1048	48
1049	5
1050	7
1051	1
1052	1
1053	60
1054	6
1055	26
1056	10
1057	3
1058	2
1059	41
1060	29
1061	54
1062	47
1063	7
1064	23
1065	32
1066	1
1067	1
1068	2
1069	10
1070	18
1071	2
1072	10
1073	20
1074	9
1075	2
1076	47
1077	3
1078	18
1079	31
1080	20
1081	8
1082	9
1083	8
1084	39
1085	8
1086	1
1087	8
1088	12
1089	13
1090	1
1091	21
1092	4
1093	22
1094	19
1095	11
1096	58
1097	18
1098	30
1099	17
1100	5
1101	40
1102	18
1103	17
1104	14
1105	1
1106	9
1107	1
1108	2
1109	52
1110	1
1111	15
1112	2
1113	46
1114	51
1115	1
1116	28
1117	1
1118	22
1119	51
1120	12
1121	50
1122	25
1123	20
1124	53
1125	12
1126	46
1127	16
1128	31
1129	61
1130	3
1131	12
1132	2
1133	17
1134	13
1135	13
1136	2
1137	1
1138	34
1139	6
1140	3
1141	8
1142	47
1143	19
1144	37
1145	18
1146	1
1147	5
1148	14
1149	1
1150	2
1151	28
1152	17
1153	19
1154	17
1155	6
1156	44
1157	36
1158	8
1159	9
1160	5
1161	11
1162	5
1163	18
1164	11
1165	17
1166	26
1167	4
1168	34
1169	2
1170	11
1171	1
1172	52
1173	37
1174	14
1175	11
1176	5
1177	2
1178	2
1179	1
1180	39
1181	58
1182	12
1183	49
1184	7
1185	26
1186	45
1187	14
1188	1
1189	18
1190	7
1191	4
1192	32
1193	27
1194	2
1195	5
1196	43
1197	9
1198	3
1199	12
1200	3
1201	52
1202	7
1203	23
1204	47
1205	12
1206	11
1207	54
1208	9
1209	3
1210	19
1211	10
1212	5
1213	34
1214	5
1215	6
1216	2
1217	30
1218	2
1219	9
1220	40
1221	3
1222	47
1223	2
1224	42
1225	10
1226	6
1227	24
1228	34
1229	11
1230	40
1231	2
1232	17
1233	47
1234	1
1235	10
1236	52
1237	6
1238	10
1239	30
1240	2
1241	26
1242	22
1243	25
1244	17
1245	2
1246	12
1247	14
1248	5
1249	21
1250	1
1251	53
1252	50
1253	56
1254	45
1255	1
1256	32
1257	1
1258	11
1259	2
1260	2
1261	34
1262	59
1263	3
1264	24
1265	7
1266	29
1267	35
1268	58
1269	13
1270	5
1271	12
1272	10
1273	26
1274	30
1275	3
1276	48
1277	18
1278	7
1279	23
1280	10
1281	28
1282	2
1283	2
1284	4
1285	5
1286	25
1287	25
1288	5
1289	13
1290	12
1291	11
1292	9
1293	36
1294	11
1295	44
1296	19
1297	1
1298	4
1299	3
1300	13
1301	6
1302	21
1303	10
1304	8
1305	5
1306	1
1307	24
1308	14
1309	7
1310	23
1311	9
1312	17
1313	6
1314	5
1315	26
1316	4
1317	49
1318	5
1319	11
1320	20
1321	3
1322	59
1323	19
1324	19
1325	13
1326	11
1327	16
1328	60
1329	42
1330	11
1331	1
1332	2
1333	14
1334	6
1335	16
1336	2
1337	3
1338	10
1339	2
1340	12
1341	6
1342	5
1343	41
1344	21
1345	3
1346	32
1347	1
1348	28
1349	54
1350	5
1351	7
1352	4
1353	7
1354	15
1355	4
1356	11
1357	47
1358	15
1359	27
1360	9
1361	35
1362	53
1363	12
1364	8
1365	41
1366	9
1367	5
1368	34
1369	18
1370	14
1371	34
1372	29
1373	44
1374	47
1375	16
1376	21
1377	26
1378	3
1379	1
1380	5
1381	56
1382	17
1383	18
1384	29
1385	2
1386	7
1387	34
1388	6
1389	33
1390	6
1391	13
1392	23
1393	13
1394	3
1395	21
1396	1
1397	3
1398	3
1399	33
1400	4
1401	3
1402	48
1403	7
1404	19
1405	1
1406	9
1407	4
1408	60
1409	5
1410	5
1411	2
1412	5
1413	29
1414	59
1415	8
1416	2
1417	9
1418	1
1419	29
1420	10
1421	8
1422	17
1423	22
1424	5
1425	5
1426	10
1427	20
1428	1
1429	12
1430	4
1431	7
1432	51
1433	31
1434	4
1435	33
1436	6
1437	44
1438	8
1439	15
1440	37
1441	1
1442	25
1443	9
1444	46
1445	1
1446	51
1447	21
1448	45
1449	23
1450	34
1451	61
1452	5
1453	26
1454	26
1455	9
1456	9
1457	7
1458	3
1459	3
1460	1
1461	1
1462	2
1463	33
1464	8
1465	5
1466	28
1467	42
1468	6
1469	1
1470	4
1471	28
1472	27
1473	46
1474	10
1475	15
1476	8
1477	45
1478	13
1479	44
1480	35
1481	6
1482	1
1483	6
1484	29
1485	12
1486	1
1487	7
1488	14
1489	52
1490	13
1491	40
1492	18
1493	3
1494	6
1495	14
1496	30
1497	6
1498	5
1499	53
1500	11
1501	1
1502	6
1503	49
1504	9
1505	21
1506	2
1507	60
1508	12
1509	2
1510	38
1511	10
1512	5
1513	21
1514	2
1515	2
1516	1
1517	42
1518	3
1519	8
1520	36
1521	17
1522	24
1523	1
1524	56
1525	9
1526	4
1527	20
1528	2
1529	22
1530	1
1531	55
1532	1
1533	19
1534	14
1535	2
1536	45
1537	9
1538	1
1539	38
1540	16
1541	39
1542	14
1543	8
1544	56
1545	1
1546	9
1547	14
1548	53
1549	8
1550	32
1551	12
1552	8
1553	13
1554	5
1555	7
1556	39
1557	2
1558	18
1559	6
1560	1
1561	11
1562	50
1563	29
1564	25
1565	7
1566	13
1567	1
1568	15
1569	5
1570	9
1571	1
1572	9
1573	14
1574	19
1575	19
1576	1
1577	1
1578	47
1579	29
1580	46
1581	4
1582	12
1583	2
1584	22
1585	1
1586	13
1587	17
1588	2
1589	33
1590	13
1591	5
1592	4
1593	25
1594	56
1595	59
1596	24
1597	44
1598	8
1599	1
1600	7
1601	2
1602	3
1603	2
1604	4
1605	7
1606	1
1607	15
1608	61
1609	43
1610	55
1611	2
1612	13
1613	4
1614	10
1615	7
1616	10
1617	15
1618	3
1619	9
1620	1
1621	4
1622	15
1623	48
1624	9
1625	2
1626	2
1627	14
1628	22
1629	5
1630	2
1631	10
1632	2
1633	17
1634	8
1635	12
1636	16
1637	4
1638	19
1639	55
1640	12
1641	9
1642	9
1643	13
1644	1
1645	52
1646	2
1647	1
1648	9
1649	5
1650	6
1651	18
1652	11
1653	45
1654	4
1655	13
1656	37
1657	33
1658	4
1659	7
1660	12
1661	11
1662	17
1663	1
1664	16
1665	7
1666	30
1667	31
1668	50
1669	56
1670	23
1671	53
1672	29
1673	9
1674	8
1675	28
1676	6
1677	46
1678	52
1679	45
1680	6
1681	10
1682	14
1683	18
1684	5
1685	8
1686	32
1687	1
1688	19
1689	23
1690	50
1691	19
1692	14
1693	5
1694	9
1695	20
1696	1
1697	14
1698	61
1699	38
1700	16
1701	24
1702	11
1703	8
1704	11
1705	21
1706	1
1707	2
1708	9
1709	19
1710	10
1711	29
1712	22
1713	31
1714	1
1715	8
1716	10
1717	1
1718	13
1719	2
1720	27
1721	6
1722	24
1723	13
1724	25
1725	4
1726	2
1727	14
1728	4
1729	30
1730	14
1731	19
1732	5
1733	2
1734	14
1735	36
1736	2
1737	1
1738	11
1739	57
1740	24
1741	25
1742	2
1743	53
1744	1
1745	2
1746	41
1747	7
1748	28
1749	52
1750	45
1751	30
1752	9
1753	10
1754	1
1755	5
1756	10
1757	7
1758	2
1759	17
1760	21
1761	7
1762	14
1763	16
1764	45
1765	4
1766	25
1767	2
1768	4
1769	23
1770	49
1771	12
1772	12
1773	43
1774	40
1775	18
1776	18
1777	13
1778	43
1779	11
1780	6
1781	32
1782	2
1783	28
1784	5
1785	34
1786	37
1787	6
1788	16
1789	1
1790	5
1791	19
1792	6
1793	1
1794	31
1795	55
1796	10
1797	38
1798	10
1799	59
1800	3
1801	2
1802	6
1803	4
1804	15
1805	27
1806	2
1807	24
1808	33
1809	1
1810	41
1811	19
1812	1
1813	18
1814	16
1815	30
1816	13
1817	27
1818	16
1819	10
1820	2
1821	16
1822	36
1823	8
1824	32
1825	16
1826	44
1827	56
1828	5
1829	44
1830	26
1831	26
1832	4
1833	39
1834	16
1835	5
1836	52
1837	22
1838	1
1839	60
1840	38
1841	31
1842	20
1843	55
1844	20
1845	6
1846	4
1847	1
1848	3
1849	19
1850	12
1851	48
1852	2
1853	7
1854	5
1855	11
1856	49
1857	32
1858	21
1859	25
1860	4
1861	53
1862	29
1863	4
1864	26
1865	25
1866	52
1867	1
1868	16
1869	13
1870	1
1871	13
1872	15
1873	6
1874	45
1875	8
1876	1
1877	5
1878	20
1879	13
1880	1
1881	1
1882	6
1883	2
1884	16
1885	15
1886	37
1887	42
1888	6
1889	37
1890	43
1891	7
1892	2
1893	12
1894	23
1895	61
1896	1
1897	3
1898	2
1899	3
1900	15
1901	20
1902	32
1903	25
1904	26
1905	35
1906	1
1907	10
1908	27
1909	1
1910	5
1911	8
1912	58
1913	8
1914	33
1915	59
1916	5
1917	12
1918	4
1919	21
1920	29
1921	17
1922	9
1923	26
1924	2
1925	31
1926	2
1927	7
1928	1
1929	1
1930	30
1931	4
1932	6
1933	12
1934	38
1935	4
1936	25
1937	2
1938	12
1939	9
1940	8
1941	34
1942	1
1943	37
1944	2
1945	8
1946	2
1947	39
1948	11
1949	53
1950	14
1951	9
1952	7
1953	5
1954	19
1955	39
1956	9
1957	51
1958	15
1959	46
1960	2
1961	18
1962	14
1963	1
1964	1
1965	8
1966	2
1967	13
1968	25
1969	13
1970	2
1971	32
1972	1
1973	4
1974	30
1975	3
1976	1
1977	27
1978	47
1979	2
1980	22
1981	27
1982	6
1983	8
1984	12
1985	51
1986	4
1987	27
1988	1
1989	9
1990	22
1991	1
1992	2
1993	23
1994	15
1995	30
1996	20
1997	1
1998	7
1999	13
2000	9
2001	26
2002	4
2003	6
2004	35
2005	1
2006	6
2007	16
2008	1
2009	19
2010	47
2011	13
2012	9
2013	5
2014	26
2015	43
2016	1
2017	21
2018	52
2019	2
2020	7
2021	9
2022	6
2023	14
2024	32
2025	1
2026	8
2027	12
2028	16
2029	6
2030	5
2031	47
2032	3
2033	11
2034	47
2035	18
2036	41
2037	19
2038	2
2039	4
2040	8
2041	7
2042	2
2043	12
2044	1
2045	22
2046	13
2047	3
2048	10
2049	6
2050	2
2051	4
2052	52
2053	3
2054	20
2055	46
2056	1
2057	19
2058	15
2059	3
2060	1
2061	2
2062	10
2063	33
2064	8
2065	5
2066	5
2067	3
2068	17
2069	1
2070	15
2071	61
2072	54
2073	4
2074	8
2075	1
2076	39
2077	1
2078	2
2079	46
2080	30
2081	3
2082	1
2083	17
2084	1
2085	3
2086	15
2087	57
2088	1
2089	9
2090	9
2091	2
2092	12
2093	22
2094	26
2095	43
2096	5
2097	55
2098	21
2099	11
2100	2
2101	11
2102	25
2103	8
2104	1
2105	17
2106	9
2107	4
2108	53
2109	2
2110	25
2111	2
2112	16
2113	4
2114	44
2115	2
2116	42
2117	4
2118	18
2119	11
2120	8
2121	1
2122	11
2123	21
2124	3
2125	2
2126	6
2127	4
2128	11
2129	39
2130	1
2131	57
2132	3
2133	14
2134	14
2135	37
2136	3
2137	32
2138	6
2139	10
2140	3
2141	3
2142	26
2143	1
2144	56
2145	15
2146	5
2147	7
2148	50
2149	11
2150	1
2151	7
2152	7
2153	3
2154	13
2155	3
2156	56
2157	8
2158	52
2159	56
2160	53
2161	5
2162	6
2163	37
2164	16
2165	7
2166	11
2167	5
2168	48
2169	10
2170	50
2171	2
2172	23
2173	11
2174	18
2175	6
2176	35
2177	22
2178	2
2179	15
2180	6
2181	1
2182	1
2183	55
2184	10
2185	52
2186	13
2187	12
2188	4
2189	12
2190	37
2191	52
2192	16
2193	3
2194	2
2195	31
2196	7
2197	1
2198	6
2199	12
2200	1
2201	58
2202	12
2203	8
2204	1
2205	19
2206	4
2207	8
2208	43
2209	9
2210	42
2211	4
2212	52
2213	11
2214	2
2215	1
2216	1
2217	7
2218	7
2219	5
2220	24
2221	13
2222	1
2223	2
2224	9
2225	14
2226	6
2227	1
2228	9
2229	56
2230	14
2231	8
2232	10
2233	11
2234	6
2235	6
2236	55
2237	11
2238	6
2239	24
2240	30
2241	11
2242	5
2243	2
2244	47
2245	13
2246	51
2247	1
2248	39
2249	2
2250	16
2251	11
2252	5
2253	34
2254	59
2255	1
2256	34
2257	2
2258	1
2259	21
2260	13
2261	19
2262	17
2263	6
2264	31
2265	55
2266	1
2267	25
2268	28
2269	18
2270	9
2271	9
2272	31
2273	20
2274	27
2275	1
2276	19
2277	35
2278	6
2279	2
2280	3
2281	8
2282	21
2283	16
2284	6
2285	4
2286	3
2287	58
2288	2
2289	5
2290	7
2291	14
2292	13
2293	42
2294	34
2295	9
2296	7
2297	1
2298	59
2299	46
2300	4
2301	4
2302	48
2303	35
2304	1
2305	5
2306	14
2307	17
2308	17
2309	6
2310	15
2311	17
2312	15
2313	26
2314	13
2315	49
2316	28
2317	51
2318	3
2319	2
2320	50
2321	30
2322	6
2323	22
2324	1
2325	5
2326	33
2327	27
2328	5
2329	28
2330	7
2331	22
2332	10
2333	14
2334	31
2335	4
2336	1
2337	39
2338	5
2339	1
2340	41
2341	7
2342	2
2343	3
2344	19
2345	18
2346	11
2347	11
2348	9
2349	5
2350	9
2351	38
2352	9
2353	2
2354	10
2355	33
2356	18
2357	23
2358	20
2359	14
2360	17
2361	16
2362	35
2363	38
2364	3
2365	1
2366	18
2367	37
2368	48
2369	1
2370	12
2371	7
2372	7
2373	8
2374	10
2375	4
2376	14
2377	59
2378	21
2379	13
2380	48
2381	45
2382	55
2383	35
2384	21
2385	10
2386	1
2387	38
2388	49
2389	1
2390	29
2391	27
2392	3
2393	3
2394	50
2395	1
2396	17
2397	49
2398	34
2399	2
2400	9
2401	12
2402	14
2403	13
2404	9
2405	54
2406	4
2407	12
2408	34
2409	2
2410	1
2411	11
2412	14
2413	6
2414	4
2415	6
2416	7
2417	14
2418	23
2419	48
2420	5
2421	10
2422	1
2423	2
2424	33
2425	12
2426	37
2427	13
2428	33
2429	2
2430	53
2431	32
2432	25
2433	13
2434	56
2435	38
2436	16
2437	15
2438	16
2439	6
2440	5
2441	5
2442	4
2443	6
2444	39
2445	28
2446	5
2447	8
2448	21
2449	6
2450	44
2451	32
2452	14
2453	49
2454	34
2455	15
2456	6
2457	2
2458	1
2459	26
2460	37
2461	5
2462	22
2463	17
2464	2
2465	18
2466	2
2467	2
2468	8
2469	10
2470	3
2471	21
2472	2
2473	45
2474	2
2475	10
2476	37
2477	33
2478	49
2479	23
2480	9
2481	2
2482	53
2483	5
2484	1
2485	11
2486	1
2487	6
2488	6
2489	4
2490	5
2491	25
2492	2
2493	2
2494	20
2495	30
2496	12
2497	2
2498	50
2499	11
2500	8
2501	48
2502	41
2503	5
2504	1
2505	30
2506	4
2507	10
2508	21
2509	5
2510	43
2511	59
2512	5
2513	12
2514	6
2515	11
2516	4
2517	61
2518	4
2519	2
2520	1
2521	2
2522	10
2523	15
2524	2
2525	33
2526	4
2527	19
2528	3
2529	11
2530	7
2531	11
2532	60
2533	46
2534	14
2535	43
2536	8
2537	17
2538	10
2539	17
2540	11
2541	3
2542	11
2543	49
2544	1
2545	7
2546	12
2547	25
2548	20
2549	16
2550	1
2551	39
2552	2
2553	2
2554	57
2555	19
2556	16
2557	6
2558	8
2559	20
2560	6
2561	38
2562	1
2563	9
2564	35
2565	5
2566	4
2567	57
2568	45
2569	14
2570	29
2571	10
2572	23
2573	11
2574	41
2575	16
2576	5
2577	46
2578	2
2579	23
2580	7
2581	17
2582	5
2583	1
2584	49
2585	18
2586	6
2587	15
2588	11
2589	7
2590	1
2591	5
2592	28
2593	58
2594	2
2595	24
2596	13
2597	10
2598	21
2599	51
2600	13
2601	1
2602	21
2603	4
2604	4
2605	58
2606	23
2607	2
2608	15
2609	3
2610	7
2611	10
2612	17
2613	6
2614	1
2615	4
2616	18
2617	6
2618	9
2619	20
2620	22
2621	36
2622	2
2623	6
2624	4
2625	2
2626	2
2627	1
2628	6
2629	3
2630	10
2631	14
2632	10
2633	51
2634	2
2635	6
2636	3
2637	1
2638	1
2639	53
2640	5
2641	6
2642	36
2643	1
2644	16
2645	47
2646	5
2647	4
2648	4
2649	6
2650	4
2651	1
2652	40
2653	36
2654	5
2655	3
2656	27
2657	2
2658	4
2659	2
2660	12
2661	20
2662	6
2663	1
2664	45
2665	2
2666	48
2667	8
2668	30
2669	32
2670	11
2671	17
2672	13
2673	15
2674	45
2675	1
2676	1
2677	26
2678	1
2679	3
2680	3
2681	3
2682	1
2683	6
2684	17
2685	18
2686	41
2687	4
2688	24
2689	46
2690	1
2691	3
2692	2
2693	46
2694	54
2695	18
2696	8
2697	35
2698	2
2699	14
2700	31
2701	3
2702	1
2703	1
2704	8
2705	31
2706	15
2707	18
2708	2
2709	5
2710	3
2711	4
2712	2
2713	18
2714	37
2715	46
2716	44
2717	15
2718	36
2719	1
2720	5
2721	6
2722	3
2723	14
2724	16
2725	1
2726	14
2727	15
2728	10
2729	13
2730	8
2731	12
2732	22
2733	6
2734	27
2735	27
2736	5
2737	5
2738	48
2739	16
2740	10
2741	45
2742	6
2743	29
2744	34
2745	57
2746	6
2747	3
2748	2
2749	5
2750	21
2751	1
2752	3
2753	13
2754	16
2755	19
2756	11
2757	13
2758	55
2759	48
2760	45
2761	3
2762	4
2763	28
2764	8
2765	11
2766	20
2767	10
2768	1
2769	9
2770	55
2771	59
2772	7
2773	3
2774	4
2775	34
2776	8
2777	45
2778	3
2779	9
2780	30
2781	3
2782	1
2783	12
2784	33
2785	6
2786	2
2787	56
2788	46
2789	1
2790	1
2791	10
2792	1
2793	25
2794	1
2795	1
2796	41
2797	1
2798	31
2799	3
2800	1
2801	1
2802	1
2803	6
2804	42
2805	16
2806	16
2807	2
2808	1
2809	8
2810	20
2811	4
2812	36
2813	23
2814	1
2815	12
2816	11
2817	3
2818	6
2819	6
2820	1
2821	4
2822	3
2823	11
2824	1
2825	10
2826	6
2827	1
2828	4
2829	2
2830	12
2831	2
2832	9
2833	20
2834	1
2835	4
2836	3
2837	14
2838	56
2839	23
2840	28
2841	11
2842	59
2843	1
2844	13
2845	4
2846	11
2847	12
2848	3
2849	39
2850	5
2851	5
2852	3
2853	6
2854	1
2855	4
2856	35
2857	44
2858	25
2859	12
2860	1
2861	34
2862	58
2863	4
2864	54
2865	5
2866	32
2867	7
2868	2
2869	48
2870	44
2871	10
2872	17
2873	18
2874	24
2875	5
2876	20
2877	1
2878	20
2879	32
2880	29
2881	9
2882	2
2883	1
2884	9
2885	24
2886	57
2887	8
2888	8
2889	12
2890	49
2891	4
2892	36
2893	3
2894	38
2895	1
2896	29
2897	43
2898	18
2899	23
2900	12
2901	10
2902	5
2903	6
2904	22
2905	57
2906	23
2907	1
2908	3
2909	28
2910	19
2911	4
2912	5
2913	2
2914	5
2915	11
2916	53
2917	6
2918	23
2919	49
2920	2
2921	50
2922	6
2923	30
2924	51
2925	4
2926	10
2927	45
2928	13
2929	57
2930	2
2931	9
2932	18
2933	9
2934	18
2935	5
2936	32
2937	2
2938	18
2939	7
2940	5
2941	2
2942	9
2943	2
2944	28
2945	2
2946	2
2947	22
2948	10
2949	1
2950	59
2951	14
2952	1
2953	32
2954	47
2955	4
2956	47
2957	35
2958	5
2959	23
2960	32
2961	16
2962	2
2963	25
2964	17
2965	7
2966	46
2967	1
2968	47
2969	2
2970	1
2971	44
2972	8
2973	20
2974	19
2975	21
2976	6
2977	12
2978	5
2979	11
2980	55
2981	20
2982	33
2983	15
2984	22
2985	2
2986	31
2987	47
2988	5
2989	26
2990	3
2991	11
2992	35
2993	9
2994	1
2995	41
2996	9
2997	24
2998	16
2999	9
3000	6
3001	30
3002	3
3003	48
3004	29
3005	3
3006	11
3007	7
3008	3
3009	11
3010	36
3011	3
3012	30
3013	2
3014	9
3015	17
3016	60
3017	17
3018	29
3019	17
3020	56
3021	9
3022	22
3023	5
3024	19
3025	7
3026	4
3027	42
3028	1
3029	7
3030	1
3031	17
3032	14
3033	1
3034	49
3035	7
3036	31
3037	41
3038	6
3039	4
3040	26
3041	10
3042	44
3043	10
3044	7
3045	8
3046	1
3047	42
3048	35
3049	39
3050	2
3051	47
3052	1
3053	7
3054	17
3055	4
3056	45
3057	15
3058	60
3059	61
3060	20
3061	7
3062	4
3063	32
3064	37
3065	15
3066	4
3067	5
3068	1
3069	51
3070	2
3071	1
3072	1
3073	12
3074	29
3075	2
3076	15
3077	23
3078	31
3079	1
3080	15
3081	47
3082	53
3083	6
3084	22
3085	13
3086	1
3087	5
3088	43
3089	1
3090	2
3091	27
3092	26
3093	32
3094	1
3095	11
3096	1
3097	16
3098	35
3099	9
3100	11
3101	2
3102	31
3103	37
3104	1
3105	35
3106	1
3107	2
3108	53
3109	25
3110	3
3111	2
3112	44
3113	4
3114	55
3115	5
3116	3
3117	6
3118	13
3119	24
3120	25
3121	1
3122	23
3123	6
3124	2
3125	1
3126	6
3127	2
3128	56
3129	4
3130	7
3131	13
3132	5
3133	21
3134	2
3135	29
3136	40
3137	12
3138	11
3139	2
3140	1
3141	3
3142	18
3143	1
3144	7
3145	39
3146	3
3147	2
3148	16
3149	7
3150	56
3151	13
3152	2
3153	3
3154	2
3155	13
3156	41
3157	23
3158	23
3159	3
3160	8
3161	59
3162	2
3163	5
3164	18
3165	27
3166	41
3167	23
3168	3
3169	8
3170	22
3171	14
3172	12
3173	50
3174	2
3175	43
3176	7
3177	6
3178	1
3179	43
3180	10
3181	18
3182	7
3183	11
3184	20
3185	11
3186	7
3187	1
3188	1
3189	5
3190	38
3191	7
3192	44
3193	56
3194	6
3195	1
3196	4
3197	3
3198	13
3199	22
3200	3
3201	10
3202	4
3203	17
3204	32
3205	10
3206	2
3207	57
3208	12
3209	15
3210	42
3211	2
3212	14
3213	25
3214	14
3215	50
3216	1
3217	42
3218	49
3219	5
3220	8
3221	15
3222	10
3223	1
3224	32
3225	8
3226	2
3227	8
3228	58
3229	36
3230	13
3231	19
3232	46
3233	6
3234	9
3235	59
3236	29
3237	4
3238	12
3239	6
3240	30
3241	2
3242	3
3243	27
3244	47
3245	12
3246	23
3247	28
3248	6
3249	50
3250	38
3251	2
3252	29
3253	36
3254	15
3255	3
3256	4
3257	43
3258	37
3259	8
3260	32
3261	10
3262	9
3263	3
3264	25
3265	1
3266	45
3267	10
3268	1
3269	28
3270	1
3271	32
3272	57
3273	35
3274	12
3275	20
3276	8
3277	34
3278	1
3279	13
3280	6
3281	46
3282	26
3283	1
3284	7
3285	8
3286	8
3287	2
3288	11
3289	4
3290	15
3291	60
3292	46
3293	3
3294	8
3295	5
3296	14
3297	33
3298	10
3299	32
3300	19
3301	55
3302	5
3303	29
3304	6
3305	3
3306	22
3307	28
3308	35
3309	1
3310	61
3311	61
3312	4
3313	2
3314	4
3315	56
3316	2
3317	22
3318	1
3319	11
3320	11
3321	51
3322	4
3323	3
3324	1
3325	1
3326	20
3327	2
3328	10
3329	48
3330	31
3331	10
3332	5
3333	4
3334	7
3335	52
3336	38
3337	12
3338	4
3339	8
3340	2
3341	19
3342	18
3343	11
3344	14
3345	14
3346	24
3347	49
3348	17
3349	59
3350	7
3351	18
3352	4
3353	4
3354	3
3355	44
3356	14
3357	2
3358	7
3359	28
3360	14
3361	4
3362	2
3363	3
3364	8
3365	1
3366	2
3367	17
3368	13
3369	28
3370	20
3371	9
3372	9
3373	54
3374	11
3375	43
3376	11
3377	6
3378	1
3379	14
3380	2
3381	43
3382	16
3383	13
3384	3
3385	56
3386	9
3387	39
3388	1
3389	5
3390	1
3391	36
3392	2
3393	2
3394	8
3395	38
3396	8
3397	53
3398	27
3399	11
3400	48
3401	7
3402	3
3403	13
3404	14
3405	1
3406	38
3407	9
3408	2
3409	1
3410	13
3411	15
3412	35
3413	9
3414	10
3415	8
3416	11
3417	30
3418	5
3419	2
3420	8
3421	7
3422	28
3423	58
3424	4
3425	18
3426	1
3427	12
3428	5
3429	15
3430	1
3431	5
3432	6
3433	27
3434	13
3435	3
3436	12
3437	28
3438	13
3439	8
3440	1
3441	28
3442	50
3443	8
3444	10
3445	4
3446	1
3447	4
3448	5
3449	14
3450	22
3451	38
3452	3
3453	5
3454	5
3455	2
3456	9
3457	30
3458	4
3459	5
3460	28
3461	12
3462	5
3463	3
3464	37
3465	5
3466	1
3467	26
3468	3
3469	61
3470	16
3471	9
3472	14
3473	50
3474	44
3475	5
3476	11
3477	33
3478	13
3479	2
3480	12
3481	3
3482	7
3483	2
3484	27
3485	49
3486	2
3487	55
3488	23
3489	1
3490	5
3491	48
3492	9
3493	10
3494	12
3495	15
3496	45
3497	26
3498	2
3499	9
3500	50
3501	25
3502	2
3503	17
3504	52
3505	2
3506	12
3507	22
3508	13
3509	23
3510	3
3511	35
3512	30
3513	9
3514	18
3515	12
3516	2
3517	26
3518	29
3519	1
3520	24
3521	5
3522	8
3523	1
3524	40
3525	34
3526	2
3527	12
3528	23
3529	23
3530	2
3531	2
3532	7
3533	5
3534	7
3535	8
3536	52
3537	10
3538	16
3539	6
3540	36
3541	52
3542	54
3543	2
3544	15
3545	23
3546	12
3547	11
3548	2
3549	27
3550	37
3551	2
3552	54
3553	3
3554	21
3555	33
3556	1
3557	32
3558	22
3559	39
3560	18
3561	2
3562	23
3563	1
3564	14
3565	8
3566	20
3567	2
3568	6
3569	12
3570	23
3571	9
3572	41
3573	1
3574	21
3575	29
3576	7
3577	17
3578	48
3579	54
3580	9
3581	26
3582	40
3583	49
3584	30
3585	50
3586	15
3587	45
3588	33
3589	2
3590	14
3591	13
3592	47
3593	7
3594	25
3595	25
3596	34
3597	7
3598	11
3599	5
3600	19
3601	25
3602	6
3603	15
3604	55
3605	43
3606	61
3607	39
3608	1
3609	5
3610	38
3611	8
3612	37
3613	3
3614	3
3615	6
3616	39
3617	3
3618	5
3619	11
3620	28
3621	2
3622	2
3623	4
3624	6
3625	6
3626	3
3627	1
3628	33
3629	4
3630	15
3631	5
3632	25
3633	1
3634	36
3635	56
3636	18
3637	28
3638	19
3639	3
3640	3
3641	37
3642	5
3643	3
3644	5
3645	11
3646	53
3647	21
3648	50
3649	50
3650	5
3651	10
3652	51
3653	13
3654	16
3655	3
3656	2
3657	8
3658	16
3659	5
3660	9
3661	5
3662	40
3663	8
3664	2
3665	10
3666	6
3667	16
3668	2
3669	10
3670	1
3671	7
3672	30
3673	5
3674	22
3675	13
3676	53
3677	7
3678	11
3679	28
3680	31
3681	1
3682	33
3683	6
3684	4
3685	12
3686	40
3687	18
3688	16
3689	46
3690	1
3691	21
3692	15
3693	27
3694	13
3695	10
3696	45
3697	48
3698	5
3699	35
3700	20
3701	31
3702	2
3703	9
3704	57
3705	5
3706	54
3707	1
3708	27
3709	33
3710	34
3711	40
3712	1
3713	1
3714	40
3715	55
3716	26
3717	16
3718	3
3719	6
3720	11
3721	11
3722	3
3723	4
3724	1
3725	2
3726	9
3727	11
3728	1
3729	4
3730	15
3731	49
3732	9
3733	54
3734	26
3735	1
3736	4
3737	6
3738	38
3739	16
3740	9
3741	7
3742	1
3743	1
3744	57
3745	3
3746	14
3747	15
3748	25
3749	54
3750	35
3751	29
3752	46
3753	1
3754	2
3755	2
3756	40
3757	41
3758	1
3759	5
3760	26
3761	21
3762	50
3763	3
3764	2
3765	9
3766	27
3767	29
3768	1
3769	7
3770	33
3771	8
3772	49
3773	10
3774	58
3775	9
3776	20
3777	7
3778	1
3779	2
3780	40
3781	7
3782	14
3783	7
3784	40
3785	17
3786	51
3787	40
3788	40
3789	60
3790	9
3791	31
3792	9
3793	37
3794	1
3795	28
3796	16
3797	11
3798	8
3799	8
3800	58
3801	13
3802	25
3803	9
3804	1
3805	7
3806	17
3807	4
3808	60
3809	45
3810	11
3811	10
3812	50
3813	2
3814	1
3815	17
3816	34
3817	61
3818	28
3819	17
3820	11
3821	4
3822	54
3823	5
3824	32
3825	5
3826	37
3827	5
3828	11
3829	1
3830	4
3831	9
3832	9
3833	2
3834	8
3835	1
3836	37
3837	61
3838	6
3839	2
3840	16
3841	2
3842	55
3843	11
3844	14
3845	9
3846	9
3847	15
3848	5
3849	15
3850	38
3851	37
3852	46
3853	12
3854	29
3855	16
3856	44
3857	18
3858	7
3859	26
3860	12
3861	36
3862	51
3863	27
3864	12
3865	9
3866	14
3867	15
3868	4
3869	47
3870	1
3871	3
3872	46
3873	4
3874	57
3875	6
3876	15
3877	2
3878	6
3879	51
3880	4
3881	26
3882	20
3883	20
3884	19
3885	23
3886	47
3887	60
3888	6
3889	24
3890	9
3891	6
3892	9
3893	19
3894	15
3895	14
3896	1
3897	34
3898	23
3899	8
3900	48
3901	21
3902	57
3903	7
3904	3
3905	4
3906	3
3907	13
3908	1
3909	2
3910	6
3911	27
3912	9
3913	10
3914	17
3915	1
3916	1
3917	14
3918	2
3919	2
3920	15
3921	44
3922	3
3923	42
3924	60
3925	11
3926	3
3927	43
3928	2
3929	2
3930	4
3931	17
3932	19
3933	60
3934	4
3935	25
3936	3
3937	12
3938	16
3939	31
3940	59
3941	7
3942	54
3943	9
3944	48
3945	39
3946	6
3947	3
3948	4
3949	9
3950	36
3951	8
3952	8
3953	55
3954	41
3955	37
3956	11
3957	9
3958	29
3959	42
3960	18
3961	14
3962	24
3963	2
3964	10
3965	30
3966	14
3967	1
3968	3
3969	56
3970	61
3971	6
3972	18
3973	60
3974	58
3975	8
3976	22
3977	51
3978	46
3979	57
3980	16
3981	36
3982	13
3983	20
3984	31
3985	28
3986	43
3987	11
3988	5
3989	27
3990	8
3991	60
3992	33
3993	8
3994	13
3995	34
3996	20
3997	1
3998	2
3999	3
4000	2
4001	12
4002	1
4003	7
4004	17
4005	12
4006	13
4007	2
4008	9
4009	55
4010	11
4011	41
4012	38
4013	18
4014	8
4015	9
4016	1
4017	14
4018	13
4019	34
4020	34
4021	6
4022	2
4023	8
4024	21
4025	1
4026	5
4027	4
4028	1
4029	10
4030	25
4031	11
4032	23
4033	1
4034	22
4035	12
4036	5
4037	18
4038	22
4039	10
4040	11
4041	10
4042	48
4043	27
4044	13
4045	26
4046	15
4047	30
4048	1
4049	5
4050	1
4051	7
4052	17
4053	13
4054	14
4055	23
4056	35
4057	2
4058	1
4059	1
4060	11
4061	4
4062	11
4063	22
4064	31
4065	34
4066	43
4067	2
4068	29
4069	49
4070	6
4071	12
4072	48
4073	29
4074	7
4075	61
4076	21
4077	4
4078	29
4079	7
4080	20
4081	14
4082	3
4083	8
4084	2
4085	11
4086	49
4087	2
4088	6
4089	41
4090	43
4091	17
4092	1
4093	5
4094	8
4095	3
4096	18
4097	17
4098	3
4099	1
4100	41
4101	1
4102	50
4103	5
4104	13
4105	33
4106	61
4107	11
4108	2
4109	29
4110	2
4111	1
4112	3
4113	47
4114	37
4115	1
4116	7
4117	34
4118	39
4119	12
4120	5
4121	52
4122	8
4123	18
4124	21
4125	52
4126	2
4127	32
4128	1
4129	34
4130	4
4131	6
4132	20
4133	15
4134	3
4135	1
4136	1
4137	7
4138	1
4139	5
4140	14
4141	14
4142	52
4143	4
4144	9
4145	1
4146	1
4147	10
4148	10
4149	50
4150	39
4151	12
4152	2
4153	3
4154	16
4155	13
4156	54
4157	9
4158	8
4159	60
4160	1
4161	59
4162	28
4163	22
4164	8
4165	12
4166	6
4167	13
4168	26
4169	57
4170	14
4171	52
4172	3
4173	60
4174	34
4175	17
4176	5
4177	43
4178	3
4179	2
4180	27
4181	5
4182	52
4183	50
4184	8
4185	4
4186	11
4187	1
4188	11
4189	27
4190	1
4191	20
4192	2
4193	19
4194	32
4195	34
4196	15
4197	10
4198	2
4199	34
4200	12
4201	18
4202	21
4203	22
4204	6
4205	24
4206	14
4207	3
4208	3
4209	13
4210	21
4211	14
4212	27
4213	19
4214	2
4215	18
4216	1
4217	8
4218	9
4219	15
4220	34
4221	1
4222	9
4223	25
4224	40
4225	2
4226	3
4227	1
4228	32
4229	6
4230	3
4231	6
4232	12
4233	1
4234	30
4235	33
4236	40
4237	21
4238	25
4239	1
4240	45
4241	13
4242	11
4243	48
4244	37
4245	18
4246	28
4247	1
4248	4
4249	29
4250	40
4251	3
4252	3
4253	15
4254	5
4255	3
4256	8
4257	1
4258	7
4259	7
4260	50
4261	6
4262	4
4263	2
4264	19
4265	15
4266	19
4267	52
4268	17
4269	14
4270	26
4271	8
4272	24
4273	35
4274	16
4275	4
4276	3
4277	15
4278	11
4279	31
4280	1
4281	1
4282	5
4283	27
4284	4
4285	1
4286	19
4287	8
4288	12
4289	8
4290	2
4291	21
4292	7
4293	19
4294	14
4295	1
4296	6
4297	6
4298	50
4299	35
4300	11
4301	3
4302	16
4303	5
4304	35
4305	53
4306	18
4307	10
4308	2
4309	23
4310	13
4311	6
4312	1
4313	41
4314	1
4315	53
4316	6
4317	6
4318	39
4319	22
4320	43
4321	7
4322	1
4323	26
4324	2
4325	17
4326	13
4327	16
4328	12
4329	12
4330	60
4331	14
4332	11
4333	1
4334	7
4335	9
4336	32
4337	50
4338	40
4339	1
4340	3
4341	4
4342	27
4343	6
4344	9
4345	24
4346	4
4347	6
4348	13
4349	8
4350	13
4351	26
4352	9
4353	6
4354	6
4355	2
4356	6
4357	50
4358	53
4359	45
4360	31
4361	13
4362	50
4363	2
4364	14
4365	13
4366	14
4367	53
4368	55
4369	57
4370	47
4371	6
4372	8
4373	9
4374	12
4375	21
4376	4
4377	10
4378	3
4379	32
4380	24
4381	18
4382	26
4383	4
4384	52
4385	6
4386	3
4387	39
4388	30
4389	27
4390	4
4391	35
4392	8
4393	3
4394	2
4395	7
4396	40
4397	19
4398	12
4399	1
4400	5
4401	4
4402	18
4403	29
4404	13
4405	13
4406	12
4407	12
4408	9
4409	25
4410	10
4411	2
4412	20
4413	58
4414	36
4415	47
4416	21
4417	22
4418	8
4419	56
4420	11
4421	36
4422	3
4423	5
4424	7
4425	27
4426	44
4427	40
4428	3
4429	45
4430	14
4431	8
4432	1
4433	13
4434	20
4435	2
4436	59
4437	42
4438	3
4439	7
4440	47
4441	3
4442	1
4443	15
4444	23
4445	13
4446	1
4447	3
4448	29
4449	16
4450	1
4451	33
4452	1
4453	7
4454	38
4455	4
4456	51
4457	16
4458	45
4459	6
4460	4
4461	1
4462	5
4463	31
4464	51
4465	4
4466	3
4467	40
4468	6
4469	26
4470	9
4471	4
4472	5
4473	6
4474	18
4475	3
4476	2
4477	47
4478	58
4479	18
4480	1
4481	14
4482	48
4483	52
4484	25
4485	2
4486	18
4487	51
4488	45
4489	10
4490	4
4491	5
4492	3
4493	16
4494	4
4495	35
4496	1
4497	8
4498	29
4499	10
4500	31
4501	46
4502	20
4503	2
4504	3
4505	4
4506	1
4507	10
4508	46
4509	4
4510	1
4511	1
4512	6
4513	2
4514	12
4515	3
4516	3
4517	13
4518	11
4519	5
4520	18
4521	7
4522	12
4523	2
4524	46
4525	24
4526	12
4527	17
4528	45
4529	6
4530	13
4531	8
4532	36
4533	15
4534	1
4535	28
4536	2
4537	31
4538	13
4539	38
4540	1
4541	21
4542	2
4543	8
4544	6
4545	7
4546	1
4547	1
4548	11
4549	30
4550	3
4551	28
4552	1
4553	3
4554	27
4555	18
4556	7
4557	46
4558	36
4559	51
4560	12
4561	7
4562	7
4563	18
4564	5
4565	43
4566	2
4567	24
4568	31
4569	13
4570	18
4571	2
4572	2
4573	5
4574	5
4575	31
4576	10
4577	18
4578	2
4579	35
4580	1
4581	5
4582	1
4583	40
4584	51
4585	21
4586	8
4587	5
4588	31
4589	14
4590	17
4591	25
4592	3
4593	11
4594	5
4595	2
4596	3
4597	16
4598	1
4599	50
4600	8
4601	44
4602	5
4603	18
4604	37
4605	5
4606	5
4607	3
4608	37
4609	14
4610	7
4611	40
4612	8
4613	1
4614	9
4615	9
4616	48
4617	9
4618	1
4619	22
4620	4
4621	4
4622	30
4623	16
4624	8
4625	1
4626	14
4627	11
4628	59
4629	5
4630	1
4631	3
4632	10
4633	28
4634	49
4635	33
4636	36
4637	1
4638	59
4639	49
4640	11
4641	52
4642	52
4643	32
4644	8
4645	28
4646	59
4647	18
4648	3
4649	21
4650	7
4651	1
4652	13
4653	60
4654	30
4655	20
4656	2
4657	24
4658	20
4659	4
4660	10
4661	10
4662	10
4663	28
4664	12
4665	35
4666	1
4667	27
4668	24
4669	30
4670	12
4671	3
4672	18
4673	15
4674	4
4675	44
4676	21
4677	3
4678	3
4679	38
4680	1
4681	17
4682	3
4683	36
4684	9
4685	7
4686	21
4687	20
4688	18
4689	7
4690	12
4691	52
4692	18
4693	15
4694	55
4695	25
4696	57
4697	36
4698	4
4699	15
4700	6
4701	5
4702	13
4703	4
4704	3
4705	1
4706	19
4707	11
4708	42
4709	1
4710	7
4711	33
4712	4
4713	2
4714	14
4715	2
4716	12
4717	27
4718	7
4719	10
4720	10
4721	46
4722	9
4723	30
4724	9
4725	58
4726	34
4727	37
4728	1
4729	6
4730	7
4731	1
4732	10
4733	4
4734	33
4735	2
4736	2
4737	12
4738	1
4739	12
4740	2
4741	4
4742	21
4743	23
4744	48
4745	32
4746	20
4747	15
4748	15
4749	23
4750	4
4751	23
4752	16
4753	57
4754	23
4755	22
4756	50
4757	3
4758	37
4759	2
4760	27
4761	7
4762	2
4763	5
4764	3
4765	7
4766	1
4767	10
4768	4
4769	42
4770	10
4771	2
4772	40
4773	5
4774	17
4775	2
4776	1
4777	2
4778	59
4779	1
4780	40
4781	18
4782	24
4783	6
4784	3
4785	11
4786	56
4787	51
4788	13
4789	25
4790	18
4791	3
4792	4
4793	20
4794	7
4795	4
4796	4
4797	29
4798	38
4799	3
4800	9
4801	2
4802	7
4803	6
4804	4
4805	39
4806	27
4807	54
4808	39
4809	61
4810	16
4811	45
4812	1
4813	25
4814	33
4815	6
4816	39
4817	6
4818	11
4819	11
4820	20
4821	21
4822	7
4823	2
4824	14
4825	19
4826	1
4827	33
4828	9
4829	1
4830	19
4831	7
4832	39
4833	19
4834	10
4835	3
4836	15
4837	26
4838	5
4839	1
4840	13
4841	1
4842	5
4843	61
4844	3
4845	22
4846	1
4847	26
4848	16
4849	21
4850	35
4851	31
4852	4
4853	8
4854	10
4855	11
4856	34
4857	1
4858	9
4859	4
4860	51
4861	58
4862	44
4863	4
4864	23
4865	4
4866	3
4867	8
4868	9
4869	32
4870	48
4871	10
4872	3
4873	1
4874	11
4875	7
4876	2
4877	18
4878	1
4879	6
4880	7
4881	1
4882	30
4883	7
4884	3
4885	3
4886	10
4887	3
4888	52
4889	17
4890	31
4891	17
4892	18
4893	5
4894	10
4895	2
4896	7
4897	5
4898	3
4899	22
4900	11
4901	9
4902	3
4903	1
4904	1
4905	13
4906	52
4907	49
4908	12
4909	32
4910	11
4911	22
4912	39
4913	42
4914	8
4915	25
4916	26
4917	2
4918	2
4919	2
4920	18
4921	32
4922	4
4923	1
4924	36
4925	10
4926	31
4927	4
4928	2
4929	10
4930	1
4931	26
4932	17
4933	9
4934	2
4935	36
4936	2
4937	1
4938	11
4939	13
4940	17
4941	33
4942	15
4943	23
4944	53
4945	39
4946	8
4947	29
4948	29
4949	29
4950	5
4951	21
4952	51
4953	8
4954	13
4955	32
4956	2
4957	9
4958	3
4959	9
4960	44
4961	17
4962	55
4963	4
4964	30
4965	28
4966	2
4967	30
4968	24
4969	12
4970	14
4971	48
4972	28
4973	12
4974	29
4975	1
4976	8
4977	41
4978	1
4979	2
4980	2
4981	32
4982	49
4983	7
4984	1
4985	11
4986	6
4987	27
4988	14
4989	34
4990	6
4991	6
4992	8
4993	42
4994	4
4995	1
4996	50
4997	28
4998	8
4999	2
5000	5
5001	1
5002	8
5003	4
5004	9
5005	4
5006	6
5007	46
5008	6
5009	14
5010	6
5011	17
5012	1
5013	5
5014	23
5015	20
5016	35
5017	1
5018	2
5019	8
5020	6
5021	55
5022	13
5023	4
5024	1
5025	1
5026	4
5027	15
5028	4
5029	1
5030	9
5031	2
5032	5
5033	2
5034	28
5035	7
5036	5
5037	1
5038	12
5039	38
5040	4
5041	30
5042	15
5043	1
5044	39
5045	18
5046	1
5047	10
5048	23
5049	29
5050	2
5051	21
5052	31
5053	1
5054	26
5055	2
5056	41
5057	56
5058	10
5059	33
5060	9
5061	1
5062	4
5063	12
5064	59
5065	25
5066	30
5067	2
5068	13
5069	57
5070	6
5071	9
5072	39
5073	6
5074	1
5075	2
5076	7
5077	20
5078	46
5079	26
5080	8
5081	1
5082	14
5083	60
5084	8
5085	21
5086	1
5087	27
5088	38
5089	56
5090	29
5091	26
5092	13
5093	5
5094	7
5095	11
5096	9
5097	43
5098	61
5099	15
5100	42
5101	5
5102	7
5103	44
5104	7
5105	4
5106	3
5107	6
5108	6
5109	3
5110	38
5111	5
5112	6
5113	1
5114	29
5115	11
5116	1
5117	8
5118	2
5119	9
5120	59
5121	8
5122	1
5123	1
5124	8
5125	23
5126	47
5127	1
5128	11
5129	23
5130	15
5131	13
5132	1
5133	25
5134	15
5135	40
5136	4
5137	18
5138	1
5139	20
5140	9
5141	1
5142	13
5143	24
5144	16
5145	2
5146	9
5147	11
5148	37
5149	20
5150	53
5151	2
5152	19
5153	26
5154	3
5155	3
5156	24
5157	1
5158	7
5159	27
5160	1
5161	7
5162	12
5163	35
5164	3
5165	12
5166	50
5167	33
5168	7
5169	10
5170	17
5171	1
5172	4
5173	2
5174	8
5175	6
5176	53
5177	33
5178	2
5179	8
5180	26
5181	23
5182	1
5183	16
5184	8
5185	2
5186	9
5187	48
5188	20
5189	19
5190	5
5191	10
5192	26
5193	4
5194	1
5195	1
5196	36
5197	41
5198	4
5199	24
5200	53
5201	45
5202	59
5203	2
5204	3
5205	1
5206	29
5207	4
5208	33
5209	36
5210	24
5211	3
5212	7
5213	11
5214	10
5215	3
5216	32
5217	1
5218	23
5219	6
5220	9
5221	10
5222	38
5223	9
5224	2
5225	45
5226	10
5227	26
5228	5
5229	11
5230	22
5231	24
5232	36
5233	1
5234	8
5235	7
5236	3
5237	8
5238	10
5239	1
5240	22
5241	10
5242	61
5243	2
5244	27
5245	2
5246	10
5247	39
5248	37
5249	1
5250	15
5251	19
5252	12
5253	3
5254	6
5255	7
5256	4
5257	14
5258	4
5259	10
5260	12
5261	28
5262	5
5263	2
5264	8
5265	2
5266	4
5267	5
5268	1
5269	6
5270	26
5271	50
5272	10
5273	10
5274	1
5275	2
5276	39
5277	2
5278	43
5279	28
5280	4
5281	2
5282	43
5283	47
5284	5
5285	23
5286	3
5287	2
5288	4
5289	9
5290	26
5291	3
5292	5
5293	35
5294	33
5295	27
5296	19
5297	33
5298	19
5299	23
5300	8
5301	2
5302	32
5303	1
5304	8
5305	9
5306	4
5307	9
5308	47
5309	4
5310	59
5311	9
5312	30
5313	3
5314	7
5315	4
5316	8
5317	49
5318	5
5319	1
5320	7
5321	6
5322	5
5323	16
5324	23
5325	2
5326	6
5327	34
5328	53
5329	4
5330	51
5331	29
5332	20
5333	2
5334	23
5335	5
5336	4
5337	26
5338	3
5339	2
5340	6
5341	13
5342	6
5343	33
5344	9
5345	3
5346	18
5347	4
5348	45
5349	1
5350	24
5351	48
5352	14
5353	5
5354	2
5355	44
5356	27
5357	32
5358	42
5359	34
5360	13
5361	13
5362	14
5363	25
5364	14
5365	37
5366	2
5367	1
5368	28
5369	6
5370	58
5371	5
5372	1
5373	9
5374	28
5375	15
5376	6
5377	10
5378	2
5379	45
5380	17
5381	57
5382	2
5383	10
5384	1
5385	8
5386	15
5387	16
5388	14
5389	4
5390	13
5391	1
5392	25
5393	2
5394	59
5395	5
5396	13
5397	13
5398	8
5399	10
5400	9
5401	10
5402	23
5403	1
5404	33
5405	22
5406	7
5407	17
5408	26
5409	30
5410	25
5411	6
5412	2
5413	5
5414	39
5415	13
5416	40
5417	9
5418	55
5419	21
5420	56
5421	2
5422	54
5423	4
5424	24
5425	15
5426	7
5427	29
5428	1
5429	25
5430	32
5431	2
5432	56
5433	53
5434	55
5435	6
5436	33
5437	8
5438	17
5439	23
5440	2
5441	9
5442	8
5443	5
5444	2
5445	13
5446	12
5447	17
5448	53
5449	1
5450	9
5451	6
5452	61
5453	2
5454	3
5455	9
5456	5
5457	44
5458	35
5459	36
5460	8
5461	40
5462	26
5463	41
5464	19
5465	8
5466	50
5467	6
5468	2
5469	5
5470	4
5471	2
5472	48
5473	7
5474	6
5475	4
5476	4
5477	5
5478	36
5479	1
5480	1
5481	14
5482	1
5483	2
5484	1
5485	19
5486	12
5487	17
5488	33
5489	19
5490	20
5491	19
5492	44
5493	4
5494	6
5495	6
5496	16
5497	13
5498	50
5499	22
5500	21
5501	16
5502	1
5503	36
5504	59
5505	34
5506	36
5507	40
5508	15
5509	13
5510	3
5511	10
5512	1
5513	6
5514	6
5515	2
5516	4
5517	18
5518	17
5519	4
5520	9
5521	22
5522	28
5523	1
5524	3
5525	10
5526	2
5527	3
5528	3
5529	1
5530	1
5531	3
5532	1
5533	2
5534	16
5535	4
5536	5
5537	5
5538	9
5539	49
5540	6
5541	26
5542	9
5543	32
5544	23
5545	56
5546	6
5547	39
5548	29
5549	5
5550	2
5551	12
5552	13
5553	30
5554	4
5555	1
5556	21
5557	56
5558	10
5559	10
5560	50
5561	50
5562	10
5563	12
5564	6
5565	3
5566	3
5567	4
5568	38
5569	2
5570	3
5571	8
5572	8
5573	7
5574	44
5575	2
5576	3
5577	54
5578	16
5579	46
5580	31
5581	11
5582	6
5583	33
5584	13
5585	3
5586	3
5587	40
5588	7
5589	34
5590	15
5591	27
5592	58
5593	16
5594	1
5595	23
5596	4
5597	1
5598	9
5599	3
5600	4
5601	61
5602	20
5603	1
5604	42
5605	2
5606	2
5607	31
5608	48
5609	2
5610	5
5611	2
5612	20
5613	12
5614	22
5615	17
5616	15
5617	31
5618	50
5619	22
5620	27
5621	41
5622	4
5623	16
5624	12
5625	9
5626	52
5627	6
5628	50
5629	38
5630	12
5631	3
5632	3
5633	30
5634	24
5635	2
5636	6
5637	3
5638	6
5639	13
5640	1
5641	11
5642	22
5643	19
5644	37
5645	2
5646	4
5647	16
5648	7
5649	12
5650	16
5651	32
5652	5
5653	17
5654	2
5655	1
5656	1
5657	43
5658	1
5659	61
5660	10
5661	6
5662	7
5663	4
5664	35
5665	27
5666	31
5667	7
5668	31
5669	10
5670	2
5671	16
5672	4
5673	51
5674	46
5675	15
5676	5
5677	12
5678	4
5679	15
5680	1
5681	51
5682	1
5683	42
5684	2
5685	5
5686	2
5687	58
5688	8
5689	35
5690	13
5691	8
5692	9
5693	6
5694	15
5695	2
5696	22
5697	8
5698	3
5699	17
5700	3
5701	9
5702	2
5703	39
5704	31
5705	11
5706	59
5707	1
5708	1
5709	29
5710	42
5711	4
5712	11
5713	4
5714	23
5715	16
5716	55
5717	6
5718	4
5719	53
5720	50
5721	13
5722	18
5723	53
5724	3
5725	42
5726	24
5727	7
5728	4
5729	49
5730	37
5731	28
5732	52
5733	34
5734	54
5735	37
5736	5
5737	2
5738	28
5739	14
5740	2
5741	3
5742	3
5743	35
5744	57
5745	24
5746	5
5747	5
5748	22
5749	49
5750	33
5751	21
5752	40
5753	51
5754	47
5755	24
5756	7
5757	2
5758	41
5759	1
5760	47
5761	1
5762	19
5763	51
5764	4
5765	2
5766	3
5767	2
5768	20
5769	31
5770	42
5771	1
5772	2
5773	22
5774	1
5775	10
5776	14
5777	1
5778	2
5779	2
5780	7
5781	35
5782	47
5783	24
5784	14
5785	6
5786	8
5787	2
5788	15
5789	51
5790	30
5791	1
5792	5
5793	1
5794	1
5795	33
5796	14
5797	7
5798	8
5799	31
5800	5
5801	6
5802	10
5803	2
5804	54
5805	2
5806	51
5807	1
5808	34
5809	2
5810	47
5811	2
5812	37
5813	1
5814	53
5815	1
5816	44
5817	2
5818	2
5819	15
5820	54
5821	9
5822	34
5823	5
5824	9
5825	1
5826	4
5827	9
5828	52
5829	49
5830	1
5831	3
5832	24
5833	61
5834	5
5835	14
5836	44
5837	7
5838	28
5839	11
5840	6
5841	18
5842	30
5843	40
5844	1
5845	2
5846	5
5847	8
5848	17
5849	2
5850	30
5851	2
5852	4
5853	2
5854	33
5855	18
5856	2
5857	9
5858	16
5859	18
5860	10
5861	30
5862	3
5863	2
5864	1
5865	26
5866	8
5867	54
5868	6
5869	3
5870	43
5871	2
5872	8
5873	6
5874	5
5875	41
5876	9
5877	1
5878	11
5879	2
5880	2
5881	25
5882	2
5883	2
5884	1
5885	7
5886	15
5887	9
5888	24
5889	9
5890	47
5891	26
5892	3
5893	6
5894	7
5895	2
5896	45
5897	44
5898	43
5899	39
5900	21
5901	2
5902	13
5903	14
5904	18
5905	1
5906	51
5907	1
5908	2
5909	36
5910	36
5911	3
5912	13
5913	22
5914	4
5915	11
5916	9
5917	2
5918	15
5919	26
5920	3
5921	42
5922	35
5923	9
5924	3
5925	4
5926	26
5927	1
5928	7
5929	59
5930	21
5931	9
5932	10
5933	18
5934	12
5935	11
5936	4
5937	11
5938	3
5939	20
5940	11
5941	7
5942	5
5943	30
5944	1
5945	2
5946	3
5947	8
5948	25
5949	1
5950	51
5951	12
5952	2
5953	2
5954	36
5955	25
5956	1
5957	11
5958	18
5959	1
5960	17
5961	4
5962	27
5963	21
5964	11
5965	16
5966	1
5967	60
5968	10
5969	3
5970	1
5971	3
5972	17
5973	2
5974	9
5975	14
5976	1
5977	53
5978	8
5979	40
5980	51
5981	6
5982	4
5983	24
5984	4
5985	30
5986	8
5987	21
5988	10
5989	48
5990	16
5991	2
5992	61
5993	2
5994	5
5995	40
5996	20
5997	13
5998	34
5999	22
6000	15
6001	60
6002	1
6003	44
6004	1
6005	23
6006	23
6007	26
6008	2
6009	4
6010	32
6011	4
6012	2
6013	7
6014	61
6015	6
6016	14
6017	10
6018	8
6019	35
6020	31
6021	19
6022	28
6023	3
6024	7
6025	15
6026	3
6027	5
6028	1
6029	33
6030	45
6031	27
6032	56
6033	1
6034	7
6035	31
6036	5
6037	35
6038	54
6039	12
6040	33
6041	45
6042	56
6043	58
6044	8
6045	23
6046	9
6047	40
6048	1
6049	26
6050	31
6051	5
6052	48
6053	14
6054	53
6055	21
6056	2
6057	11
6058	42
6059	35
6060	14
6061	2
6062	9
6063	37
6064	9
6065	46
6066	61
6067	43
6068	25
6069	1
6070	5
6071	57
6072	1
6073	1
6074	41
6075	20
6076	12
6077	3
6078	1
6079	3
6080	1
6081	4
6082	1
6083	7
6084	8
6085	4
6086	28
6087	36
6088	2
6089	12
6090	2
6091	60
6092	27
6093	1
6094	11
6095	9
6096	1
6097	1
6098	2
6099	12
6100	6
6101	2
6102	2
6103	8
6104	25
6105	4
6106	8
6107	58
6108	11
6109	5
6110	36
6111	3
6112	3
6113	5
6114	41
6115	12
6116	1
6117	1
6118	56
6119	15
6120	2
6121	10
6122	1
6123	1
6124	2
6125	9
6126	2
6127	43
6128	6
6129	11
6130	2
6131	1
6132	52
6133	16
6134	4
6135	36
6136	32
6137	5
6138	1
6139	3
6140	19
6141	2
6142	8
6143	38
6144	13
6145	2
6146	2
6147	24
6148	25
6149	13
6150	21
6151	31
6152	23
6153	4
6154	6
6155	11
6156	52
6157	4
6158	1
6159	58
6160	28
6161	3
6162	15
6163	4
6164	19
6165	6
6166	7
6167	11
6168	17
6169	11
6170	20
6171	10
6172	26
6173	10
6174	11
6175	13
6176	15
6177	49
6178	10
6179	1
6180	28
6181	33
6182	13
6183	13
6184	1
6185	2
6186	29
6187	11
6188	2
6189	37
6190	10
6191	52
6192	8
6193	8
6194	6
6195	5
6196	36
6197	12
6198	7
6199	8
6200	42
6201	2
6202	14
6203	17
6204	18
6205	39
6206	6
6207	1
6208	9
6209	4
6210	4
6211	14
6212	3
6213	18
6214	1
6215	1
6216	27
6217	56
6218	59
6219	2
6220	2
6221	27
6222	5
6223	4
6224	7
6225	31
6226	41
6227	5
6228	5
6229	15
6230	1
6231	42
6232	42
6233	1
6234	6
6235	6
6236	5
6237	35
6238	7
6239	59
6240	36
6241	6
6242	60
6243	1
6244	45
6245	34
6246	7
6247	22
6248	27
6249	17
6250	5
6251	47
6252	8
6253	54
6254	41
6255	1
6256	19
6257	2
6258	38
6259	7
6260	3
6261	20
6262	1
6263	20
6264	55
6265	1
6266	44
6267	5
6268	3
6269	25
6270	14
6271	16
6272	8
6273	3
6274	53
6275	7
6276	31
6277	6
6278	2
6279	13
6280	6
6281	10
6282	8
6283	32
6284	57
6285	15
6286	44
6287	2
6288	6
6289	7
6290	1
6291	35
6292	48
6293	10
6294	13
6295	19
6296	20
6297	2
6298	2
6299	8
6300	19
6301	41
6302	8
6303	50
6304	24
6305	9
6306	47
6307	9
6308	7
6309	1
6310	49
6311	4
6312	35
6313	5
6314	2
6315	4
6316	12
6317	56
6318	38
6319	19
6320	8
6321	1
6322	5
6323	5
6324	57
6325	27
6326	11
6327	9
6328	1
6329	12
6330	61
6331	3
6332	8
6333	2
6334	6
6335	1
6336	4
6337	1
6338	12
6339	3
6340	7
6341	2
6342	33
6343	9
6344	1
6345	10
6346	41
6347	2
6348	12
6349	6
6350	42
6351	23
6352	2
6353	3
6354	13
6355	52
6356	2
6357	30
6358	9
6359	1
6360	16
6361	11
6362	1
6363	30
6364	6
6365	41
6366	3
6367	9
6368	8
6369	13
6370	12
6371	4
6372	36
6373	1
6374	50
6375	13
6376	10
6377	12
6378	15
6379	21
6380	7
6381	43
6382	10
6383	15
6384	59
6385	30
6386	54
6387	52
6388	6
6389	7
6390	46
6391	8
6392	1
6393	18
6394	40
6395	6
6396	33
6397	58
6398	32
6399	15
6400	23
6401	6
6402	7
6403	37
6404	34
6405	16
6406	22
6407	23
6408	14
6409	1
6410	8
6411	14
6412	54
6413	4
6414	1
6415	3
6416	12
6417	46
6418	14
6419	32
6420	1
6421	24
6422	5
6423	14
6424	24
6425	3
6426	19
6427	2
6428	4
6429	8
6430	15
6431	7
6432	36
6433	45
6434	38
6435	18
6436	6
6437	2
6438	37
6439	29
6440	1
6441	38
6442	5
6443	16
6444	43
6445	26
6446	5
6447	61
6448	8
6449	3
6450	1
6451	1
6452	5
6453	2
6454	16
6455	4
6456	2
6457	6
6458	8
6459	3
6460	2
6461	5
6462	30
6463	33
6464	46
6465	19
6466	11
6467	25
6468	4
6469	12
6470	3
6471	4
6472	13
6473	2
6474	50
6475	46
6476	2
6477	58
6478	7
6479	9
6480	10
6481	2
6482	15
6483	1
6484	7
6485	9
6486	33
6487	54
6488	1
6489	22
6490	4
6491	11
6492	40
6493	46
6494	35
6495	24
6496	12
6497	2
6498	9
6499	7
6500	2
6501	4
6502	14
6503	10
6504	16
6505	5
6506	13
6507	3
6508	5
6509	38
6510	15
6511	5
6512	6
6513	17
6514	20
6515	4
6516	25
6517	17
6518	2
6519	41
6520	26
6521	48
6522	13
6523	21
6524	11
6525	16
6526	19
6527	8
6528	9
6529	32
6530	3
6531	1
6532	44
6533	1
6534	11
6535	1
6536	4
6537	53
6538	2
6539	12
6540	1
6541	1
6542	1
6543	1
6544	24
6545	24
6546	24
6547	43
6548	1
6549	58
6550	45
6551	38
6552	3
6553	3
6554	9
6555	2
6556	4
6557	1
6558	2
6559	3
6560	11
6561	3
6562	55
6563	12
6564	4
6565	2
6566	30
6567	41
6568	4
6569	28
6570	52
6571	47
6572	6
6573	12
6574	15
6575	55
6576	43
6577	9
6578	4
6579	32
6580	60
6581	47
6582	44
6583	3
6584	37
6585	2
6586	41
6587	25
6588	6
6589	14
6590	18
6591	17
6592	1
6593	28
6594	26
6595	4
6596	14
6597	41
6598	29
6599	6
6600	5
6601	1
6602	55
6603	18
6604	12
6605	24
6606	4
6607	1
6608	1
6609	1
6610	1
6611	30
6612	49
6613	4
6614	23
6615	6
6616	39
6617	3
6618	6
6619	32
6620	51
6621	31
6622	5
6623	37
6624	12
6625	6
6626	9
6627	61
6628	61
6629	37
6630	8
6631	7
6632	26
6633	5
6634	18
6635	58
6636	36
6637	6
6638	4
6639	40
6640	1
6641	12
6642	6
6643	1
6644	1
6645	7
6646	35
6647	2
6648	11
6649	51
6650	2
6651	22
6652	29
6653	54
6654	2
6655	58
6656	9
6657	31
6658	6
6659	33
6660	6
6661	5
6662	49
6663	16
6664	1
6665	18
6666	11
6667	6
6668	50
6669	42
6670	7
6671	4
6672	1
6673	2
6674	3
6675	24
6676	58
6677	21
6678	5
6679	7
6680	12
6681	1
6682	31
6683	15
6684	4
6685	6
6686	23
6687	4
6688	3
6689	35
6690	21
6691	10
6692	17
6693	14
6694	2
6695	10
6696	7
6697	38
6698	1
6699	61
6700	7
6701	19
6702	22
6703	1
6704	5
6705	43
6706	16
6707	11
6708	27
6709	50
6710	10
6711	14
6712	48
6713	26
6714	4
6715	40
6716	3
6717	1
6718	6
6719	3
6720	12
6721	5
6722	2
6723	34
6724	8
6725	1
6726	1
6727	43
6728	19
6729	38
6730	42
6731	13
6732	3
6733	3
6734	5
6735	13
6736	20
6737	12
6738	27
6739	12
6740	20
6741	11
6742	7
6743	4
6744	18
6745	1
6746	26
6747	61
6748	6
6749	24
6750	32
6751	30
6752	2
6753	17
6754	5
6755	16
6756	44
6757	9
6758	4
6759	60
6760	28
6761	2
6762	17
6763	9
6764	25
6765	27
6766	2
6767	5
6768	20
6769	13
6770	42
6771	9
6772	2
6773	4
6774	2
6775	23
6776	41
6777	1
6778	7
6779	38
6780	17
6781	3
6782	48
6783	41
6784	23
6785	40
6786	19
6787	3
6788	5
6789	4
6790	23
6791	41
6792	1
6793	10
6794	1
6795	4
6796	14
6797	8
6798	32
6799	33
6800	7
6801	36
6802	3
6803	3
6804	25
6805	1
6806	54
6807	38
6808	29
6809	57
6810	4
6811	26
6812	13
6813	20
6814	54
6815	3
6816	27
6817	3
6818	28
6819	1
6820	16
6821	11
6822	4
6823	37
6824	29
6825	53
6826	2
6827	2
6828	7
6829	6
6830	3
6831	13
6832	41
6833	48
6834	1
6835	61
6836	21
6837	17
6838	7
6839	9
6840	9
6841	35
6842	13
6843	9
6844	39
6845	56
6846	10
6847	32
6848	4
6849	52
6850	1
6851	47
6852	9
6853	26
6854	31
6855	7
6856	8
6857	28
6858	46
6859	4
6860	32
6861	28
6862	6
6863	11
6864	7
6865	3
6866	7
6867	12
6868	20
6869	7
6870	15
6871	2
6872	54
6873	28
6874	6
6875	17
6876	59
6877	8
6878	12
6879	46
6880	33
6881	8
6882	57
6883	3
6884	1
6885	6
6886	39
6887	5
6888	48
6889	24
6890	7
6891	1
6892	18
6893	9
6894	15
6895	5
6896	10
6897	13
6898	2
6899	7
6900	38
6901	3
6902	29
6903	19
6904	20
6905	19
6906	7
6907	9
6908	46
6909	2
6910	48
6911	6
6912	15
6913	32
6914	2
6915	7
6916	5
6917	1
6918	18
6919	17
6920	46
6921	10
6922	32
6923	7
6924	53
6925	10
6926	5
6927	7
6928	15
6929	37
6930	60
6931	49
6932	8
6933	22
6934	4
6935	3
6936	9
6937	19
6938	7
6939	11
6940	13
6941	24
6942	18
6943	30
6944	7
6945	39
6946	2
6947	24
6948	3
6949	14
6950	34
6951	5
6952	39
6953	2
6954	1
6955	39
6956	6
6957	28
6958	48
6959	11
6960	3
6961	9
6962	15
6963	6
6964	15
6965	2
6966	11
6967	44
6968	47
6969	41
6970	8
6971	2
6972	17
6973	7
6974	11
6975	6
6976	49
6977	20
6978	1
6979	26
6980	23
6981	44
6982	32
6983	2
6984	3
6985	27
6986	31
6987	8
6988	7
6989	2
6990	3
6991	1
6992	1
6993	20
6994	51
6995	1
6996	8
6997	7
6998	26
6999	6
7000	7
7001	14
7002	40
7003	15
7004	1
7005	22
7006	50
7007	9
7008	1
7009	6
7010	41
7011	3
7012	7
7013	6
7014	25
7015	3
7016	4
7017	6
7018	12
7019	59
7020	2
7021	5
7022	31
7023	36
7024	38
7025	25
7026	18
7027	12
7028	39
7029	24
7030	2
7031	11
7032	1
7033	8
7034	11
7035	33
7036	4
7037	2
7038	11
7039	2
7040	2
7041	38
7042	13
7043	36
7044	55
7045	1
7046	46
7047	3
7048	10
7049	3
7050	2
7051	36
7052	3
7053	4
7054	30
7055	2
7056	28
7057	6
7058	12
7059	9
7060	46
7061	6
7062	3
7063	5
7064	37
7065	4
7066	22
7067	8
7068	9
7069	5
7070	22
7071	8
7072	54
7073	9
7074	9
7075	4
7076	9
7077	1
7078	27
7079	32
7080	58
7081	31
7082	10
7083	30
7084	3
7085	1
7086	2
7087	55
7088	45
7089	5
7090	10
7091	11
7092	15
7093	57
7094	14
7095	2
7096	11
7097	2
7098	2
7099	18
7100	46
7101	8
7102	3
7103	4
7104	15
7105	7
7106	8
7107	48
7108	39
7109	16
7110	2
7111	13
7112	48
7113	22
7114	11
7115	1
7116	12
7117	4
7118	31
7119	14
7120	38
7121	2
7122	1
7123	24
7124	13
7125	21
7126	5
7127	8
7128	9
7129	2
7130	12
7131	2
7132	41
7133	21
7134	1
7135	5
7136	58
7137	9
7138	7
7139	10
7140	4
7141	17
7142	9
7143	15
7144	13
7145	1
7146	8
7147	1
7148	54
7149	5
7150	7
7151	32
7152	24
7153	12
7154	15
7155	14
7156	11
7157	46
7158	56
7159	17
7160	20
7161	12
7162	21
7163	7
7164	16
7165	48
7166	40
7167	45
7168	22
7169	9
7170	22
7171	3
7172	10
7173	4
7174	2
7175	57
7176	30
7177	11
7178	4
7179	9
7180	52
7181	8
7182	3
7183	7
7184	2
7185	5
7186	49
7187	46
7188	2
7189	1
7190	33
7191	11
7192	7
7193	1
7194	10
7195	28
7196	48
7197	58
7198	7
7199	10
7200	18
7201	7
7202	59
7203	12
7204	3
7205	13
7206	20
7207	3
7208	2
7209	27
7210	26
7211	9
7212	13
7213	1
7214	22
7215	1
7216	7
7217	1
7218	7
7219	3
7220	23
7221	17
7222	30
7223	5
7224	2
7225	10
7226	2
7227	14
7228	8
7229	24
7230	5
7231	4
7232	13
7233	44
7234	23
7235	9
7236	4
7237	4
7238	3
7239	49
7240	37
7241	1
7242	9
7243	4
7244	6
7245	13
7246	51
7247	10
7248	2
7249	44
7250	9
7251	15
7252	9
7253	8
7254	42
7255	7
7256	7
7257	61
7258	35
7259	12
7260	12
7261	16
7262	28
7263	5
7264	8
7265	14
7266	50
7267	9
7268	10
7269	56
7270	55
7271	11
7272	17
7273	2
7274	2
7275	23
7276	32
7277	16
7278	55
7279	8
7280	14
7281	31
7282	40
7283	49
7284	2
7285	2
7286	2
7287	31
7288	11
7289	38
7290	15
7291	1
7292	14
7293	8
7294	36
7295	9
7296	14
7297	41
7298	50
7299	2
7300	4
7301	5
7302	9
7303	10
7304	28
7305	4
7306	1
7307	59
7308	1
7309	8
7310	16
7311	12
7312	7
7313	19
7314	1
7315	8
7316	41
7317	6
7318	35
7319	53
7320	14
7321	3
7322	2
7323	1
7324	42
7325	53
7326	10
7327	2
7328	7
7329	15
7330	16
7331	35
7332	3
7333	14
7334	7
7335	6
7336	3
7337	13
7338	26
7339	8
7340	3
7341	1
7342	1
7343	56
7344	11
7345	10
7346	21
7347	22
7348	1
7349	17
7350	50
7351	16
7352	17
7353	27
7354	2
7355	38
7356	26
7357	13
7358	27
7359	1
7360	2
7361	14
7362	4
7363	41
7364	3
7365	34
7366	7
7367	34
7368	5
7369	17
7370	9
7371	21
7372	16
7373	3
7374	7
7375	8
7376	29
7377	7
7378	15
7379	22
7380	54
7381	22
7382	47
7383	10
7384	22
7385	15
7386	5
7387	39
7388	1
7389	7
7390	2
7391	2
7392	14
7393	53
7394	9
7395	1
7396	7
7397	9
7398	21
7399	60
7400	57
7401	18
7402	23
7403	5
7404	38
7405	6
7406	13
7407	10
7408	33
7409	13
7410	8
7411	2
7412	4
7413	8
7414	19
7415	2
7416	54
7417	6
7418	3
7419	10
7420	26
7421	5
7422	6
7423	1
7424	9
7425	51
7426	4
7427	42
7428	13
7429	13
7430	19
7431	26
7432	1
7433	37
7434	23
7435	37
7436	12
7437	6
7438	4
7439	3
7440	50
7441	7
7442	9
7443	32
7444	15
7445	9
7446	51
7447	41
7448	10
7449	7
7450	52
7451	1
7452	2
7453	26
7454	1
7455	5
7456	42
7457	45
7458	15
7459	55
7460	15
7461	10
7462	52
7463	13
7464	5
7465	10
7466	2
7467	6
7468	36
7469	5
7470	10
7471	1
7472	1
7473	5
7474	9
7475	3
7476	6
7477	7
7478	58
7479	42
7480	6
7481	2
7482	55
7483	1
7484	1
7485	11
7486	1
7487	12
7488	17
7489	3
7490	7
7491	1
7492	22
7493	36
7494	9
7495	1
7496	23
7497	1
7498	4
7499	3
7500	8
7501	25
7502	20
7503	1
7504	1
7505	21
7506	28
7507	10
7508	30
7509	19
7510	5
7511	11
7512	14
7513	11
7514	40
7515	3
7516	13
7517	7
7518	35
7519	42
7520	1
7521	19
7522	8
7523	26
7524	5
7525	5
7526	14
7527	14
7528	50
7529	8
7530	28
7531	1
7532	50
7533	3
7534	1
7535	3
7536	3
7537	11
7538	17
7539	3
7540	1
7541	8
7542	4
7543	10
7544	1
7545	32
7546	2
7547	4
7548	46
7549	47
7550	45
7551	1
7552	11
7553	7
7554	15
7555	6
7556	6
7557	38
7558	30
7559	35
7560	13
7561	42
7562	2
7563	25
7564	27
7565	4
7566	40
7567	17
7568	3
7569	7
7570	3
7571	60
7572	5
7573	20
7574	6
7575	8
7576	60
7577	15
7578	53
7579	5
7580	31
7581	19
7582	1
7583	3
7584	1
7585	10
7586	28
7587	26
7588	4
7589	1
7590	17
7591	19
7592	53
7593	10
7594	13
7595	2
7596	18
7597	8
7598	42
7599	9
7600	6
7601	3
7602	3
7603	13
7604	45
7605	24
7606	3
7607	6
7608	9
7609	2
7610	11
7611	14
7612	11
7613	15
7614	16
7615	1
7616	3
7617	6
7618	3
7619	14
7620	4
7621	22
7622	60
7623	10
7624	16
7625	2
7626	9
7627	16
7628	3
7629	18
7630	12
7631	8
7632	26
7633	18
7634	41
7635	2
7636	21
7637	9
7638	9
7639	18
7640	5
7641	5
7642	5
7643	14
7644	40
7645	11
7646	6
7647	3
7648	2
7649	53
7650	14
7651	40
7652	12
7653	14
7654	35
7655	43
7656	33
7657	3
7658	5
7659	55
7660	2
7661	5
7662	22
7663	4
7664	24
7665	1
7666	5
7667	16
7668	9
7669	1
7670	1
7671	5
7672	23
7673	15
7674	7
7675	38
7676	5
7677	22
7678	17
7679	1
7680	15
7681	6
7682	11
7683	2
7684	2
7685	2
7686	46
7687	7
7688	2
7689	7
7690	39
7691	4
7692	30
7693	2
7694	41
7695	33
7696	16
7697	1
7698	6
7699	24
7700	41
7701	3
7702	9
7703	2
7704	28
7705	34
7706	6
7707	31
7708	4
7709	30
7710	52
7711	17
7712	2
7713	47
7714	7
7715	20
7716	43
7717	8
7718	39
7719	2
7720	31
7721	11
7722	8
7723	1
7724	8
7725	31
7726	11
7727	2
7728	38
7729	6
7730	10
7731	54
7732	4
7733	5
7734	6
7735	1
7736	34
7737	59
7738	5
7739	44
7740	14
7741	2
7742	20
7743	8
7744	7
7745	22
7746	5
7747	7
7748	16
7749	1
7750	18
7751	31
7752	8
7753	10
7754	34
7755	11
7756	2
7757	8
7758	54
7759	2
7760	1
7761	3
7762	1
7763	3
7764	10
7765	39
7766	58
7767	20
7768	10
7769	15
7770	26
7771	51
7772	4
7773	57
7774	13
7775	39
7776	2
7777	10
7778	24
7779	13
7780	14
7781	20
7782	57
7783	2
7784	11
7785	1
7786	3
7787	40
7788	11
7789	8
7790	5
7791	9
7792	13
7793	8
7794	16
7795	1
7796	2
7797	39
7798	20
7799	23
7800	5
7801	2
7802	13
7803	1
7804	4
7805	22
7806	27
7807	2
7808	51
7809	17
7810	51
7811	33
7812	21
7813	7
7814	12
7815	9
7816	7
7817	39
7818	14
7819	1
7820	17
7821	9
7822	3
7823	16
7824	18
7825	21
7826	1
7827	7
7828	36
7829	27
7830	39
7831	12
7832	4
7833	22
7834	21
7835	4
7836	1
7837	38
7838	17
7839	3
7840	24
7841	51
7842	41
7843	7
7844	45
7845	2
7846	9
7847	44
7848	24
7849	60
7850	31
7851	13
7852	52
7853	2
7854	43
7855	23
7856	39
7857	2
7858	5
7859	1
7860	36
7861	26
7862	25
7863	38
7864	49
7865	1
7866	12
7867	8
7868	2
7869	20
7870	20
7871	44
7872	2
7873	38
7874	47
7875	15
7876	15
7877	5
7878	43
7879	48
7880	4
7881	35
7882	47
7883	13
7884	9
7885	17
7886	29
7887	10
7888	2
7889	30
7890	6
7891	7
7892	5
7893	11
7894	7
7895	2
7896	3
7897	2
7898	6
7899	5
7900	2
7901	15
7902	11
7903	3
7904	11
7905	4
7906	1
7907	11
7908	9
7909	1
7910	22
7911	27
7912	45
7913	22
7914	36
7915	12
7916	1
7917	2
7918	5
7919	4
7920	4
7921	4
7922	12
7923	18
7924	5
7925	56
7926	52
7927	26
7928	30
7929	44
7930	9
7931	14
7932	4
7933	10
7934	24
7935	28
7936	5
7937	6
7938	8
7939	2
7940	11
7941	42
7942	55
7943	9
7944	47
7945	41
7946	58
7947	10
7948	4
7949	6
7950	8
7951	3
7952	2
7953	56
7954	6
7955	19
7956	39
7957	5
7958	45
7959	1
7960	5
7961	48
7962	21
7963	5
7964	41
7965	35
7966	49
7967	7
7968	27
7969	38
7970	8
7971	2
7972	1
7973	34
7974	2
7975	16
7976	49
7977	3
7978	2
7979	28
7980	7
7981	24
7982	5
7983	47
7984	53
7985	15
7986	1
7987	10
7988	14
7989	29
7990	8
7991	3
7992	3
7993	9
7994	43
7995	16
7996	5
7997	1
7998	7
7999	37
8000	1
8001	30
8002	8
8003	3
8004	42
8005	6
8006	42
8007	2
8008	27
8009	6
8010	30
8011	18
8012	17
8013	55
8014	5
8015	11
8016	8
8017	3
8018	15
8019	4
8020	25
8021	10
8022	29
8023	50
8024	57
8025	4
8026	14
8027	4
8028	54
8029	3
8030	4
8031	3
8032	40
8033	22
8034	41
8035	31
8036	3
8037	5
8038	6
8039	2
8040	5
8041	1
8042	16
8043	15
8044	25
8045	7
8046	33
8047	19
8048	26
8049	19
8050	10
8051	35
8052	2
8053	8
8054	61
8055	2
8056	17
8057	1
8058	35
8059	16
8060	42
8061	5
8062	30
8063	1
8064	34
8065	5
8066	44
8067	40
8068	25
8069	1
8070	8
8071	20
8072	36
8073	4
8074	14
8075	6
8076	14
8077	50
8078	2
8079	44
8080	1
8081	3
8082	13
8083	48
8084	2
8085	13
8086	9
8087	13
8088	4
8089	12
8090	42
8091	51
8092	16
8093	1
8094	46
8095	30
8096	19
8097	2
8098	13
8099	17
8100	2
8101	38
8102	2
8103	15
8104	53
8105	6
8106	2
8107	5
8108	57
8109	2
8110	3
8111	5
8112	28
8113	60
8114	19
8115	7
8116	23
8117	31
8118	34
8119	5
8120	39
8121	32
8122	2
8123	2
8124	60
8125	1
8126	7
8127	2
8128	61
8129	20
8130	9
8131	1
8132	15
8133	30
8134	2
8135	24
8136	37
8137	25
8138	34
8139	28
8140	2
8141	7
8142	2
8143	60
8144	12
8145	16
8146	7
8147	28
8148	2
8149	43
8150	9
8151	8
8152	4
8153	6
8154	33
8155	61
8156	43
8157	29
8158	2
8159	14
8160	4
8161	47
8162	5
8163	15
8164	6
8165	34
8166	2
8167	19
8168	47
8169	19
8170	21
8171	5
8172	39
8173	50
8174	21
8175	15
8176	33
8177	1
8178	45
8179	13
8180	13
8181	4
8182	20
8183	3
8184	10
8185	20
8186	9
8187	19
8188	20
8189	7
8190	7
8191	3
8192	10
8193	1
8194	7
8195	5
8196	55
8197	44
8198	5
8199	2
8200	5
8201	57
8202	43
8203	11
8204	10
8205	3
8206	3
8207	43
8208	53
8209	2
8210	1
8211	42
8212	4
8213	30
8214	30
8215	16
8216	23
8217	7
8218	5
8219	2
8220	6
8221	16
8222	50
8223	36
8224	2
8225	2
8226	38
8227	34
8228	4
8229	16
8230	10
8231	7
8232	1
8233	7
8234	52
8235	61
8236	4
8237	22
8238	7
8239	19
8240	6
8241	12
8242	33
8243	7
8244	29
8245	38
8246	6
8247	1
8248	2
8249	44
8250	11
8251	12
8252	8
8253	14
8254	44
8255	14
8256	1
8257	49
8258	5
8259	3
8260	2
8261	28
8262	60
8263	18
8264	56
8265	5
8266	59
8267	2
8268	27
8269	3
8270	26
8271	13
8272	1
8273	6
8274	7
8275	59
8276	6
8277	7
8278	17
8279	11
8280	11
8281	20
8282	3
8283	6
8284	52
8285	11
8286	4
8287	17
8288	1
8289	14
8290	2
8291	3
8292	32
8293	5
8294	6
8295	31
8296	12
8297	18
8298	4
8299	22
8300	46
8301	6
8302	4
8303	6
8304	9
8305	1
8306	9
8307	14
8308	52
8309	24
8310	32
8311	9
8312	49
8313	24
8314	49
8315	22
8316	12
8317	52
8318	12
8319	2
8320	3
8321	10
8322	20
8323	9
8324	33
8325	5
8326	44
8327	46
8328	32
8329	49
8330	16
8331	8
8332	3
8333	22
8334	11
8335	13
8336	25
8337	6
8338	2
8339	4
8340	45
8341	8
8342	55
8343	9
8344	1
8345	19
8346	1
8347	9
8348	27
8349	40
8350	2
8351	1
8352	1
8353	27
8354	2
8355	7
8356	3
8357	8
8358	18
8359	24
8360	5
8361	33
8362	15
8363	43
8364	25
8365	29
8366	61
8367	48
8368	8
8369	56
8370	13
8371	26
8372	2
8373	3
8374	3
8375	22
8376	7
8377	1
8378	28
8379	5
8380	48
8381	21
8382	31
8383	2
8384	14
8385	2
8386	51
8387	2
8388	3
8389	55
8390	2
8391	5
8392	52
8393	35
8394	21
8395	22
8396	16
8397	5
8398	14
8399	12
8400	10
8401	8
8402	2
8403	51
8404	59
8405	15
8406	22
8407	2
8408	45
8409	4
8410	29
8411	54
8412	2
8413	3
8414	30
8415	6
8416	4
8417	5
8418	17
8419	33
8420	29
8421	58
8422	4
8423	23
8424	2
8425	1
8426	25
8427	38
8428	14
8429	11
8430	5
8431	48
8432	11
8433	4
8434	1
8435	3
8436	39
8437	5
8438	10
8439	33
8440	14
8441	43
8442	57
8443	11
8444	12
8445	18
8446	36
8447	27
8448	4
8449	58
8450	25
8451	48
8452	29
8453	42
8454	4
8455	5
8456	39
8457	15
8458	52
8459	49
8460	1
8461	12
8462	4
8463	20
8464	3
8465	20
8466	13
8467	30
8468	26
8469	6
8470	8
8471	49
8472	4
8473	2
8474	21
8475	1
8476	5
8477	22
8478	15
8479	9
8480	17
8481	18
8482	8
8483	10
8484	11
8485	12
8486	42
8487	19
8488	8
8489	16
8490	58
8491	17
8492	7
8493	30
8494	14
8495	13
8496	2
8497	33
8498	35
8499	7
8500	51
8501	10
8502	15
8503	2
8504	48
8505	2
8506	32
8507	12
8508	40
8509	10
8510	49
8511	17
8512	34
8513	14
8514	9
8515	12
8516	1
8517	16
8518	2
8519	2
8520	2
8521	12
8522	12
8523	5
8524	7
8525	4
8526	23
8527	8
8528	57
8529	20
8530	1
8531	43
8532	39
8533	9
8534	60
8535	32
8536	6
8537	12
8538	13
8539	1
8540	1
8541	9
8542	50
8543	54
8544	16
8545	37
8546	38
8547	30
8548	21
8549	50
8550	3
8551	36
8552	27
8553	47
8554	27
8555	35
8556	5
8557	14
8558	28
8559	12
8560	4
8561	9
8562	2
8563	13
8564	12
8565	2
8566	19
8567	3
8568	7
8569	38
8570	40
8571	11
8572	27
8573	1
8574	14
8575	9
8576	21
8577	43
8578	8
8579	5
8580	14
8581	5
8582	20
8583	29
8584	1
8585	8
8586	6
8587	2
8588	2
8589	8
8590	2
8591	2
8592	1
8593	1
8594	2
8595	3
8596	22
8597	30
8598	39
8599	7
8600	2
8601	11
8602	56
8603	16
8604	52
8605	1
8606	11
8607	46
8608	52
8609	43
8610	26
8611	2
8612	2
8613	51
8614	5
8615	20
8616	10
8617	9
8618	3
8619	2
8620	8
8621	26
8622	49
8623	12
8624	9
8625	3
8626	3
8627	7
8628	8
8629	9
8630	10
8631	43
8632	8
8633	9
8634	6
8635	18
8636	1
8637	14
8638	25
8639	1
8640	26
8641	15
8642	45
8643	2
8644	1
8645	3
8646	8
8647	1
8648	12
8649	32
8650	48
8651	27
8652	19
8653	1
8654	27
8655	30
8656	1
8657	3
8658	9
8659	5
8660	28
8661	4
8662	5
8663	4
8664	2
8665	16
8666	1
8667	17
8668	2
8669	40
8670	34
8671	14
8672	7
8673	6
8674	1
8675	4
8676	5
8677	49
8678	5
8679	49
8680	3
8681	58
8682	24
8683	3
8684	26
8685	26
8686	8
8687	31
8688	7
8689	30
8690	13
8691	40
8692	21
8693	12
8694	25
8695	24
8696	47
8697	25
8698	6
8699	2
8700	4
8701	10
8702	1
8703	5
8704	17
8705	40
8706	1
8707	2
8708	5
8709	35
8710	21
8711	28
8712	4
8713	58
8714	7
8715	3
8716	9
8717	19
8718	19
8719	11
8720	49
8721	1
8722	34
8723	3
8724	31
8725	1
8726	7
8727	1
8728	38
8729	23
8730	22
8731	2
8732	3
8733	27
8734	4
8735	8
8736	4
8737	4
8738	3
8739	4
8740	2
8741	17
8742	7
8743	14
8744	2
8745	21
8746	6
8747	55
8748	17
8749	15
8750	2
8751	4
8752	59
8753	10
8754	5
8755	14
8756	5
8757	8
8758	28
8759	9
8760	49
8761	22
8762	59
8763	7
8764	2
8765	54
8766	42
8767	2
8768	16
8769	3
8770	13
8771	6
8772	10
8773	1
8774	1
8775	3
8776	48
8777	42
8778	2
8779	15
8780	30
8781	43
8782	12
8783	55
8784	24
8785	20
8786	18
8787	16
8788	5
8789	45
8790	1
8791	22
8792	9
8793	18
8794	2
8795	15
8796	2
8797	13
8798	26
8799	5
8800	2
8801	8
8802	5
8803	6
8804	20
8805	3
8806	2
8807	20
8808	4
8809	13
8810	29
8811	53
8812	1
8813	10
8814	21
8815	7
8816	43
8817	30
8818	25
8819	57
8820	7
8821	56
8822	8
8823	11
8824	30
8825	24
8826	42
8827	3
8828	3
8829	21
8830	5
8831	4
8832	18
8833	16
8834	17
8835	42
8836	12
8837	1
8838	4
8839	12
8840	11
8841	5
8842	4
8843	15
8844	37
8845	52
8846	3
8847	1
8848	34
8849	5
8850	4
8851	1
8852	52
8853	5
8854	32
8855	13
8856	6
8857	13
8858	6
8859	19
8860	12
8861	40
8862	11
8863	9
8864	53
8865	49
8866	41
8867	22
8868	1
8869	22
8870	46
8871	1
8872	11
8873	40
8874	8
8875	8
8876	12
8877	50
8878	25
8879	3
8880	1
8881	49
8882	1
8883	5
8884	53
8885	24
8886	53
8887	16
8888	1
8889	47
8890	1
8891	6
8892	6
8893	11
8894	6
8895	18
8896	2
8897	43
8898	28
8899	17
8900	49
8901	42
8902	23
8903	3
8904	3
8905	20
8906	9
8907	1
8908	1
8909	2
8910	1
8911	3
8912	7
8913	14
8914	31
8915	3
8916	13
8917	7
8918	23
8919	46
8920	1
8921	18
8922	4
8923	44
8924	28
8925	8
8926	11
8927	29
8928	47
8929	13
8930	43
8931	29
8932	1
8933	7
8934	9
8935	1
8936	23
8937	26
8938	57
8939	59
8940	3
8941	3
8942	54
8943	29
8944	1
8945	2
8946	49
8947	15
8948	21
8949	27
8950	2
8951	29
8952	22
8953	1
8954	5
8955	35
8956	29
8957	3
8958	30
8959	5
8960	14
8961	2
8962	54
8963	49
8964	16
8965	2
8966	4
8967	2
8968	6
8969	45
8970	48
8971	45
8972	12
8973	3
8974	47
8975	21
8976	2
8977	9
8978	44
8979	2
8980	4
8981	12
8982	1
8983	15
8984	5
8985	5
8986	15
8987	2
8988	8
8989	51
8990	4
8991	10
8992	17
8993	5
8994	4
8995	5
8996	21
8997	37
8998	2
8999	1
9000	13
9001	9
9002	23
9003	3
9004	32
9005	1
9006	30
9007	2
9008	40
9009	29
9010	5
9011	8
9012	1
9013	9
9014	6
9015	5
9016	29
9017	28
9018	33
9019	48
9020	37
9021	6
9022	4
9023	4
9024	20
9025	31
9026	22
9027	27
9028	10
9029	2
9030	1
9031	34
9032	21
9033	57
9034	20
9035	25
9036	2
9037	18
9038	1
9039	5
9040	17
9041	5
9042	37
9043	61
9044	7
9045	10
9046	59
9047	5
9048	35
9049	2
9050	12
9051	1
9052	22
9053	3
9054	7
9055	7
9056	2
9057	2
9058	5
9059	3
9060	60
9061	1
9062	45
9063	4
9064	55
9065	2
9066	1
9067	2
9068	1
9069	12
9070	13
9071	15
9072	53
9073	7
9074	11
9075	4
9076	53
9077	8
9078	41
9079	8
9080	47
9081	23
9082	35
9083	11
9084	1
9085	60
9086	2
9087	25
9088	19
9089	55
9090	22
9091	18
9092	13
9093	58
9094	58
9095	44
9096	53
9097	10
9098	15
9099	36
9100	3
9101	16
9102	30
9103	15
9104	9
9105	3
9106	8
9107	45
9108	14
9109	3
9110	24
9111	30
9112	4
9113	29
9114	13
9115	3
9116	5
9117	1
9118	56
9119	52
9120	2
9121	37
9122	12
9123	17
9124	8
9125	36
9126	18
9127	2
9128	1
9129	42
9130	12
9131	3
9132	27
9133	1
9134	2
9135	23
9136	57
9137	7
9138	7
9139	2
9140	5
9141	4
9142	39
9143	1
9144	5
9145	14
9146	1
9147	9
9148	12
9149	50
9150	45
9151	22
9152	2
9153	4
9154	21
9155	47
9156	1
9157	10
9158	13
9159	2
9160	4
9161	29
9162	25
9163	17
9164	11
9165	32
9166	1
9167	50
9168	2
9169	1
9170	14
9171	18
9172	5
9173	45
9174	25
9175	2
9176	16
9177	14
9178	34
9179	7
9180	51
9181	51
9182	15
9183	33
9184	15
9185	42
9186	12
9187	27
9188	21
9189	2
9190	30
9191	26
9192	43
9193	14
9194	10
9195	58
9196	1
9197	1
9198	19
9199	17
9200	5
9201	42
9202	24
9203	39
9204	1
9205	1
9206	16
9207	2
9208	3
9209	18
9210	14
9211	1
9212	40
9213	8
9214	25
9215	6
9216	9
9217	7
9218	3
9219	11
9220	5
9221	6
9222	10
9223	27
9224	54
9225	13
9226	1
9227	34
9228	4
9229	1
9230	6
9231	31
9232	5
9233	54
9234	29
9235	28
9236	51
9237	1
9238	19
9239	36
9240	17
9241	44
9242	7
9243	9
9244	57
9245	2
9246	10
9247	1
9248	28
9249	5
9250	8
9251	29
9252	11
9253	8
9254	1
9255	3
9256	3
9257	10
9258	6
9259	15
9260	5
9261	53
9262	10
9263	43
9264	14
9265	27
9266	3
9267	2
9268	2
9269	7
9270	4
9271	8
9272	10
9273	20
9274	16
9275	56
9276	7
9277	12
9278	58
9279	54
9280	59
9281	13
9282	28
9283	24
9284	2
9285	2
9286	7
9287	2
9288	21
9289	7
9290	23
9291	25
9292	45
9293	12
9294	7
9295	12
9296	1
9297	8
9298	8
9299	7
9300	11
9301	1
9302	16
9303	5
9304	7
9305	28
9306	8
9307	5
9308	38
9309	7
9310	5
9311	2
9312	11
9313	48
9314	6
9315	10
9316	4
9317	9
9318	19
9319	8
9320	1
9321	2
9322	3
9323	5
9324	53
9325	7
9326	1
9327	6
9328	36
9329	13
9330	16
9331	2
9332	1
9333	6
9334	42
9335	2
9336	46
9337	41
9338	10
9339	41
9340	3
9341	19
9342	11
9343	17
9344	44
9345	2
9346	4
9347	15
9348	24
9349	3
9350	6
9351	8
9352	18
9353	2
9354	59
9355	2
9356	29
9357	51
9358	33
9359	1
9360	2
9361	38
9362	54
9363	43
9364	50
9365	47
9366	27
9367	61
9368	25
9369	36
9370	28
9371	15
9372	17
9373	1
9374	3
9375	2
9376	36
9377	9
9378	26
9379	23
9380	7
9381	22
9382	1
9383	1
9384	19
9385	2
9386	17
9387	12
9388	5
9389	7
9390	14
9391	60
9392	23
9393	34
9394	2
9395	31
9396	27
9397	2
9398	42
9399	1
9400	1
9401	5
9402	21
9403	1
9404	30
9405	13
9406	5
9407	18
9408	24
9409	8
9410	12
9411	32
9412	6
9413	2
9414	8
9415	27
9416	5
9417	6
9418	4
9419	36
9420	26
9421	5
9422	3
9423	8
9424	13
9425	43
9426	34
9427	8
9428	47
9429	7
9430	31
9431	7
9432	9
9433	57
9434	11
9435	17
9436	58
9437	7
9438	7
9439	46
9440	56
9441	14
9442	59
9443	23
9444	5
9445	1
9446	25
9447	2
9448	49
9449	7
9450	25
9451	34
9452	24
9453	3
9454	26
9455	6
9456	1
9457	6
9458	6
9459	1
9460	29
9461	13
9462	17
9463	2
9464	28
9465	23
9466	1
9467	1
9468	18
9469	24
9470	7
9471	13
9472	27
9473	1
9474	23
9475	6
9476	7
9477	2
9478	3
9479	37
9480	19
9481	2
9482	1
9483	12
9484	48
9485	2
9486	6
9487	3
9488	1
9489	36
9490	23
9491	16
9492	19
9493	55
9494	20
9495	2
9496	35
9497	3
9498	32
9499	6
9500	19
9501	2
9502	29
9503	2
9504	13
9505	29
9506	1
9507	2
9508	35
9509	20
9510	48
9511	6
9512	20
9513	16
9514	34
9515	7
9516	9
9517	2
9518	2
9519	37
9520	48
9521	5
9522	5
9523	1
9524	6
9525	1
9526	25
9527	27
9528	44
9529	52
9530	13
9531	6
9532	6
9533	13
9534	18
9535	46
9536	15
9537	1
9538	8
9539	23
9540	20
9541	23
9542	43
9543	10
9544	14
9545	2
9546	37
9547	12
9548	5
9549	41
9550	16
9551	6
9552	2
9553	51
9554	52
9555	15
9556	12
9557	11
9558	57
9559	51
9560	7
9561	3
9562	38
9563	28
9564	5
9565	51
9566	23
9567	2
9568	13
9569	23
9570	28
9571	28
9572	18
9573	34
9574	4
9575	33
9576	24
9577	18
9578	27
9579	13
9580	31
9581	12
9582	49
9583	12
9584	24
9585	8
9586	18
9587	24
9588	6
9589	12
9590	5
9591	8
9592	29
9593	1
9594	14
9595	1
9596	42
9597	9
9598	8
9599	20
9600	15
9601	9
9602	2
9603	4
9604	8
9605	42
9606	7
9607	5
9608	6
9609	28
9610	6
9611	35
9612	47
9613	8
9614	2
9615	49
9616	41
9617	6
9618	2
9619	2
9620	4
9621	7
9622	4
9623	3
9624	7
9625	48
9626	4
9627	21
9628	10
9629	6
9630	3
9631	6
9632	4
9633	44
9634	35
9635	1
9636	1
9637	29
9638	5
9639	9
9640	1
9641	37
9642	29
9643	15
9644	53
9645	49
9646	1
9647	2
9648	9
9649	6
9650	19
9651	17
9652	39
9653	17
9654	37
9655	8
9656	13
9657	1
9658	1
9659	58
9660	54
9661	17
9662	46
9663	2
9664	3
9665	17
9666	40
9667	40
9668	34
9669	10
9670	7
9671	1
9672	4
9673	57
9674	4
9675	9
9676	1
9677	1
9678	19
9679	15
9680	20
9681	25
9682	34
9683	2
9684	21
9685	1
9686	2
9687	3
9688	33
9689	40
9690	36
9691	10
9692	45
9693	19
9694	3
9695	35
9696	10
9697	8
9698	1
9699	22
9700	41
9701	21
9702	1
9703	12
9704	4
9705	43
9706	53
9707	14
9708	9
9709	51
9710	3
9711	1
9712	4
9713	38
9714	1
9715	2
9716	16
9717	57
9718	44
9719	13
9720	18
9721	1
9722	7
9723	3
9724	12
9725	60
9726	41
9727	24
9728	5
9729	7
9730	16
9731	7
9732	6
9733	12
9734	7
9735	24
9736	24
9737	9
9738	21
9739	6
9740	4
9741	18
9742	4
9743	4
9744	32
9745	27
9746	15
9747	22
9748	2
9749	7
9750	5
9751	10
9752	32
9753	21
9754	7
9755	15
9756	14
9757	44
9758	44
9759	1
9760	1
9761	10
9762	1
9763	61
9764	4
9765	9
9766	19
9767	5
9768	5
9769	1
9770	15
9771	12
9772	12
9773	1
9774	1
9775	33
9776	25
9777	6
9778	4
9779	10
9780	3
9781	2
9782	4
9783	46
9784	6
9785	40
9786	2
9787	36
9788	4
9789	56
9790	51
9791	6
9792	7
9793	9
9794	38
9795	20
9796	2
9797	6
9798	8
9799	4
9800	14
9801	7
9802	19
9803	4
9804	1
9805	10
9806	7
9807	32
9808	1
9809	15
9810	21
9811	11
9812	2
9813	56
9814	14
9815	1
9816	5
9817	1
9818	61
9819	15
9820	1
9821	21
9822	3
9823	7
9824	2
9825	1
9826	12
9827	8
9828	6
9829	54
9830	42
9831	11
9832	28
9833	54
9834	47
9835	46
9836	1
9837	18
9838	16
9839	1
9840	4
9841	1
9842	15
9843	34
9844	28
9845	2
9846	7
9847	1
9848	1
9849	44
9850	43
9851	23
9852	4
9853	18
9854	2
9855	8
9856	1
9857	22
9858	41
9859	13
9860	22
9861	2
9862	15
9863	5
9864	33
9865	33
9866	25
9867	7
9868	6
9869	33
9870	24
9871	4
9872	17
9873	3
9874	2
9875	34
9876	2
9877	29
9878	18
9879	48
9880	18
9881	58
9882	21
9883	25
9884	4
9885	8
9886	15
9887	32
9888	3
9889	44
9890	1
9891	7
9892	20
9893	12
9894	51
9895	17
9896	45
9897	1
9898	55
9899	9
9900	35
9901	25
9902	7
9903	1
9904	2
9905	12
9906	8
9907	3
9908	41
9909	2
9910	46
9911	24
9912	60
9913	35
9914	34
9915	2
9916	12
9917	4
9918	11
9919	22
9920	7
9921	14
9922	60
9923	21
9924	58
9925	2
9926	46
9927	1
9928	37
9929	1
9930	25
9931	4
9932	3
9933	42
9934	42
9935	26
9936	6
9937	3
9938	27
9939	12
9940	1
9941	11
9942	10
9943	22
9944	36
9945	1
9946	41
9947	16
9948	44
9949	13
9950	4
9951	5
9952	10
9953	2
9954	18
9955	3
9956	2
9957	25
9958	39
9959	8
9960	5
9961	25
9962	7
9963	54
9964	3
9965	7
9966	45
9967	6
9968	49
9969	2
9970	1
9971	24
9972	2
9973	8
9974	38
9975	6
9976	5
9977	6
9978	5
9979	2
9980	4
9981	19
9982	2
9983	13
9984	8
9985	11
9986	7
9987	3
9988	22
9989	12
9990	28
9991	7
9992	10
9993	3
9994	3
9995	17
9996	9
9997	3
9998	11
9999	8
10000	9
