1	5
2	1
3	19
4	4
5	36
6	46
7	4
8	4
9	43
10	1
11	4
12	16
13	1
14	3
15	14
16	39
17	2
18	7
19	31
20	6
21	7
22	20
23	50
24	9
25	44
26	3
27	6
28	4
29	14
30	56
31	6
32	33
33	12
34	54
35	1
36	38
37	5
38	5
39	2
40	60
41	8
42	1
43	1
44	4
45	9
46	6
47	45
48	30
49	22
50	18
51	15
52	5
53	1
54	5
55	2
56	50
57	29
58	13
59	4
60	25
61	7
62	26
63	6
64	61
65	17
66	11
67	52
68	18
69	4
70	29
71	27
72	6
73	43
74	12
75	17
76	9
77	1
78	9
79	15
80	17
81	6
82	23
83	4
84	6
85	4
86	2
87	61
88	41
89	46
90	36
91	47
92	26
93	13
94	4
95	19
96	39
97	1
98	13
99	27
100	16
101	3
102	51
103	59
104	21
105	43
106	3
107	2
108	13
109	12
110	1
111	6
112	25
113	6
114	2
115	2
116	16
117	6
118	1
119	1
120	10
121	61
122	3
123	7
124	4
125	9
126	5
127	43
128	4
129	11
130	3
131	6
132	46
133	3
134	17
135	5
136	57
137	5
138	42
139	7
140	40
141	5
142	5
143	14
144	8
145	49
146	24
147	4
148	10
149	32
150	44
151	1
152	4
153	16
154	1
155	1
156	32
157	13
158	9
159	51
160	16
161	1
162	3
163	16
164	2
165	2
166	38
167	18
168	13
169	4
170	3
171	10
172	2
173	9
174	16
175	12
176	3
177	51
178	6
179	50
180	16
181	14
182	25
183	1
184	2
185	50
186	2
187	60
188	4
189	31
190	2
191	3
192	1
193	21
194	50
195	19
196	10
197	44
198	3
199	13
200	43
201	43
202	29
203	10
204	37
205	6
206	21
207	5
208	7
209	55
210	1
211	53
212	10
213	2
214	45
215	57
216	19
217	1
218	9
219	33
220	1
221	15
222	10
223	7
224	1
225	7
226	5
227	5
228	14
229	48
230	1
231	48
232	6
233	2
234	11
235	11
236	59
237	3
238	18
239	1
240	36
241	6
242	3
243	1
244	47
245	18
246	49
247	5
248	17
249	5
250	14
251	6
252	12
253	7
254	29
255	2
256	12
257	11
258	35
259	29
260	13
261	5
262	5
263	2
264	5
265	22
266	3
267	5
268	3
269	3
270	58
271	8
272	1
273	36
274	5
275	1
276	1
277	2
278	5
279	11
280	5
281	2
282	48
283	3
284	43
285	7
286	54
287	9
288	2
289	12
290	55
291	17
292	7
293	3
294	9
295	14
296	3
297	6
298	10
299	1
300	3
301	10
302	23
303	33
304	6
305	7
306	13
307	12
308	35
309	46
310	3
311	18
312	2
313	39
314	2
315	33
316	30
317	56
318	48
319	2
320	49
321	3
322	17
323	13
324	55
325	20
326	17
327	15
328	7
329	54
330	12
331	2
332	4
333	1
334	16
335	7
336	2
337	45
338	2
339	10
340	1
341	7
342	12
343	16
344	2
345	15
346	11
347	47
348	20
349	18
350	2
351	7
352	4
353	8
354	2
355	38
356	22
357	5
358	16
359	19
360	1
361	1
362	17
363	1
364	5
365	3
366	39
367	4
368	54
369	7
370	34
371	11
372	6
373	37
374	46
375	1
376	1
377	20
378	10
379	9
380	4
381	9
382	6
383	13
384	5
385	3
386	6
387	36
388	33
389	22
390	7
391	28
392	3
393	60
394	38
395	1
396	40
397	1
398	4
399	9
400	10
401	23
402	38
403	44
404	3
405	9
406	57
407	5
408	3
409	2
410	14
411	8
412	4
413	3
414	15
415	4
416	12
417	14
418	8
419	28
420	2
421	18
422	4
423	7
424	3
425	2
426	3
427	7
428	5
429	7
430	6
431	35
432	11
433	4
434	2
435	7
436	35
437	36
438	4
439	2
440	3
441	5
442	25
443	25
444	42
445	1
446	1
447	14
448	4
449	11
450	3
451	61
452	2
453	2
454	4
455	3
456	4
457	1
458	4
459	6
460	10
461	3
462	10
463	1
464	7
465	10
466	38
467	3
468	2
469	3
470	54
471	2
472	51
473	23
474	22
475	9
476	21
477	16
478	4
479	4
480	45
481	4
482	2
483	34
484	10
485	59
486	9
487	4
488	3
489	33
490	10
491	3
492	24
493	2
494	6
495	20
496	6
497	8
498	23
499	27
500	30
501	14
502	23
503	2
504	60
505	18
506	39
507	27
508	4
509	24
510	3
511	1
512	19
513	41
514	16
515	16
516	38
517	3
518	4
519	22
520	3
521	17
522	2
523	16
524	16
525	8
526	34
527	58
528	30
529	6
530	4
531	6
532	10
533	30
534	3
535	15
536	1
537	18
538	1
539	11
540	28
541	18
542	45
543	1
544	8
545	9
546	32
547	60
548	25
549	8
550	1
551	5
552	51
553	37
554	6
555	1
556	2
557	53
558	7
559	19
560	37
561	2
562	45
563	27
564	6
565	6
566	59
567	46
568	3
569	46
570	41
571	58
572	2
573	14
574	41
575	8
576	1
577	61
578	2
579	5
580	5
581	18
582	3
583	14
584	2
585	23
586	6
587	44
588	35
589	8
590	57
591	7
592	28
593	28
594	1
595	1
596	1
597	13
598	53
599	7
600	38
601	16
602	6
603	18
604	36
605	11
606	5
607	2
608	17
609	6
610	34
611	7
612	7
613	6
614	45
615	37
616	8
617	58
618	58
619	16
620	1
621	35
622	7
623	7
624	19
625	2
626	8
627	10
628	16
629	58
630	2
631	37
632	11
633	7
634	37
635	1
636	8
637	3
638	5
639	2
640	51
641	20
642	7
643	3
644	19
645	56
646	1
647	4
648	1
649	16
650	9
651	2
652	17
653	4
654	3
655	57
656	33
657	6
658	21
659	3
660	6
661	4
662	31
663	3
664	26
665	3
666	5
667	2
668	2
669	1
670	4
671	14
672	7
673	9
674	60
675	3
676	12
677	20
678	48
679	13
680	3
681	10
682	1
683	33
684	3
685	23
686	7
687	2
688	12
689	24
690	10
691	11
692	24
693	3
694	11
695	11
696	2
697	2
698	9
699	4
700	6
701	10
702	1
703	53
704	3
705	28
706	7
707	43
708	12
709	14
710	26
711	1
712	21
713	6
714	6
715	5
716	37
717	39
718	19
719	8
720	30
721	5
722	36
723	5
724	19
725	7
726	4
727	16
728	17
729	12
730	2
731	11
732	24
733	8
734	13
735	42
736	2
737	13
738	38
739	5
740	18
741	8
742	2
743	31
744	4
745	28
746	1
747	1
748	3
749	13
750	14
751	10
752	8
753	38
754	24
755	19
756	2
757	38
758	19
759	5
760	21
761	2
762	3
763	41
764	1
765	8
766	36
767	15
768	7
769	1
770	48
771	51
772	8
773	13
774	5
775	32
776	1
777	1
778	21
779	4
780	34
781	16
782	27
783	28
784	4
785	1
786	21
787	1
788	50
789	6
790	5
791	60
792	17
793	41
794	39
795	48
796	59
797	3
798	7
799	5
800	1
801	20
802	5
803	5
804	6
805	10
806	19
807	37
808	6
809	61
810	51
811	3
812	34
813	41
814	24
815	21
816	55
817	3
818	17
819	1
820	16
821	15
822	61
823	3
824	1
825	11
826	2
827	25
828	34
829	57
830	14
831	5
832	8
833	3
834	13
835	6
836	4
837	2
838	2
839	4
840	5
841	1
842	5
843	33
844	1
845	6
846	7
847	28
848	2
849	2
850	1
851	54
852	12
853	4
854	11
855	2
856	8
857	7
858	27
859	15
860	17
861	8
862	1
863	7
864	3
865	25
866	3
867	2
868	31
869	5
870	21
871	4
872	9
873	8
874	9
875	22
876	5
877	29
878	4
879	45
880	9
881	54
882	10
883	15
884	12
885	9
886	20
887	60
888	25
889	14
890	2
891	22
892	7
893	6
894	31
895	28
896	3
897	2
898	7
899	55
900	3
901	12
902	3
903	38
904	4
905	50
906	5
907	31
908	32
909	44
910	26
911	1
912	24
913	6
914	55
915	17
916	30
917	29
918	6
919	32
920	3
921	5
922	23
923	58
924	4
925	2
926	57
927	2
928	7
929	56
930	21
931	13
932	36
933	5
934	10
935	21
936	2
937	17
938	18
939	20
940	37
941	28
942	1
943	6
944	6
945	37
946	14
947	7
948	17
949	2
950	3
951	3
952	2
953	1
954	58
955	6
956	7
957	45
958	14
959	28
960	7
961	23
962	3
963	49
964	8
965	1
966	25
967	7
968	7
969	16
970	23
971	5
972	2
973	7
974	2
975	5
976	3
977	15
978	5
979	1
980	14
981	6
982	27
983	36
984	9
985	31
986	12
987	5
988	31
989	7
990	15
991	1
992	20
993	8
994	8
995	28
996	23
997	1
998	1
999	21
1000	57
1001	7
1002	2
1003	6
1004	3
1005	48
1006	3
1007	2
1008	48
1009	10
1010	44
1011	49
1012	23
1013	37
1014	1
1015	50
1016	7
1017	5
1018	7
1019	6
1020	56
1021	3
1022	22
1023	3
1024	35
1025	5
1026	5
1027	8
1028	12
1029	2
1030	9
1031	6
1032	5
1033	1
1034	1
1035	11
1036	56
1037	3
1038	6
1039	11
1040	8
1041	42
1042	6
1043	2
1044	44
1045	27
1046	20
1047	9
1048	8
1049	20
1050	61
1051	14
1052	40
1053	4
1054	4
1055	1
1056	27
1057	2
1058	2
1059	36
1060	3
1061	1
1062	7
1063	51
1064	31
1065	3
1066	18
1067	47
1068	16
1069	14
1070	12
1071	9
1072	37
1073	6
1074	39
1075	36
1076	3
1077	32
1078	3
1079	56
1080	54
1081	6
1082	13
1083	61
1084	49
1085	50
1086	5
1087	55
1088	3
1089	21
1090	10
1091	59
1092	6
1093	10
1094	20
1095	7
1096	6
1097	8
1098	2
1099	33
1100	1
1101	8
1102	5
1103	43
1104	3
1105	24
1106	1
1107	2
1108	3
1109	9
1110	6
1111	4
1112	8
1113	35
1114	5
1115	45
1116	3
1117	10
1118	11
1119	1
1120	6
1121	35
1122	2
1123	4
1124	4
1125	16
1126	7
1127	7
1128	11
1129	53
1130	56
1131	35
1132	10
1133	21
1134	39
1135	15
1136	30
1137	1
1138	1
1139	4
1140	3
1141	16
1142	6
1143	29
1144	2
1145	4
1146	8
1147	3
1148	38
1149	15
1150	45
1151	26
1152	47
1153	36
1154	2
1155	1
1156	9
1157	4
1158	7
1159	1
1160	3
1161	10
1162	34
1163	39
1164	2
1165	1
1166	15
1167	3
1168	7
1169	20
1170	4
1171	8
1172	1
1173	6
1174	8
1175	32
1176	30
1177	9
1178	1
1179	58
1180	4
1181	24
1182	13
1183	1
1184	4
1185	23
1186	7
1187	6
1188	41
1189	45
1190	1
1191	13
1192	8
1193	3
1194	1
1195	18
1196	12
1197	1
1198	31
1199	22
1200	51
1201	5
1202	22
1203	4
1204	36
1205	6
1206	21
1207	30
1208	47
1209	6
1210	21
1211	4
1212	7
1213	1
1214	17
1215	7
1216	16
1217	46
1218	2
1219	27
1220	23
1221	6
1222	1
1223	15
1224	5
1225	14
1226	27
1227	7
1228	8
1229	6
1230	5
1231	8
1232	1
1233	27
1234	21
1235	43
1236	1
1237	30
1238	1
1239	49
1240	37
1241	4
1242	34
1243	12
1244	5
1245	5
1246	48
1247	52
1248	54
1249	49
1250	2
1251	11
1252	1
1253	33
1254	1
1255	9
1256	57
1257	60
1258	10
1259	4
1260	1
1261	33
1262	16
1263	10
1264	7
1265	44
1266	36
1267	59
1268	8
1269	60
1270	40
1271	16
1272	13
1273	2
1274	6
1275	1
1276	24
1277	9
1278	5
1279	12
1280	6
1281	3
1282	14
1283	21
1284	3
1285	1
1286	20
1287	7
1288	1
1289	6
1290	35
1291	7
1292	32
1293	14
1294	32
1295	19
1296	51
1297	16
1298	3
1299	5
1300	38
1301	21
1302	54
1303	16
1304	28
1305	16
1306	13
1307	2
1308	5
1309	4
1310	15
1311	13
1312	40
1313	9
1314	45
1315	18
1316	4
1317	6
1318	8
1319	9
1320	37
1321	2
1322	49
1323	3
1324	7
1325	1
1326	4
1327	40
1328	7
1329	56
1330	19
1331	1
1332	5
1333	41
1334	45
1335	7
1336	6
1337	4
1338	1
1339	2
1340	4
1341	2
1342	12
1343	19
1344	2
1345	55
1346	35
1347	28
1348	4
1349	22
1350	2
1351	3
1352	39
1353	31
1354	48
1355	57
1356	18
1357	20
1358	2
1359	6
1360	14
1361	12
1362	60
1363	10
1364	3
1365	4
1366	29
1367	1
1368	15
1369	2
1370	9
1371	17
1372	1
1373	12
1374	16
1375	6
1376	28
1377	24
1378	20
1379	19
1380	7
1381	2
1382	18
1383	4
1384	1
1385	8
1386	8
1387	20
1388	3
1389	3
1390	41
1391	17
1392	36
1393	3
1394	3
1395	38
1396	18
1397	3
1398	6
1399	2
1400	4
1401	5
1402	36
1403	10
1404	7
1405	10
1406	5
1407	21
1408	2
1409	20
1410	6
1411	2
1412	59
1413	5
1414	14
1415	2
1416	7
1417	18
1418	1
1419	52
1420	5
1421	1
1422	10
1423	7
1424	45
1425	5
1426	2
1427	5
1428	18
1429	2
1430	6
1431	7
1432	10
1433	14
1434	3
1435	21
1436	35
1437	6
1438	5
1439	18
1440	27
1441	6
1442	1
1443	50
1444	3
1445	11
1446	16
1447	5
1448	5
1449	1
1450	36
1451	11
1452	1
1453	4
1454	24
1455	34
1456	3
1457	28
1458	31
1459	11
1460	7
1461	4
1462	7
1463	2
1464	7
1465	55
1466	1
1467	1
1468	40
1469	2
1470	57
1471	5
1472	13
1473	23
1474	13
1475	5
1476	38
1477	7
1478	2
1479	1
1480	19
1481	7
1482	38
1483	9
1484	13
1485	4
1486	21
1487	6
1488	55
1489	15
1490	7
1491	5
1492	5
1493	15
1494	6
1495	9
1496	4
1497	5
1498	40
1499	5
1500	4
1501	13
1502	50
1503	24
1504	3
1505	9
1506	38
1507	4
1508	4
1509	6
1510	1
1511	5
1512	9
1513	20
1514	5
1515	2
1516	14
1517	8
1518	4
1519	6
1520	1
1521	7
1522	43
1523	1
1524	6
1525	6
1526	13
1527	5
1528	7
1529	33
1530	2
1531	60
1532	18
1533	39
1534	17
1535	3
1536	6
1537	2
1538	5
1539	1
1540	7
1541	6
1542	18
1543	9
1544	15
1545	8
1546	1
1547	39
1548	11
1549	12
1550	55
1551	45
1552	1
1553	5
1554	17
1555	11
1556	7
1557	17
1558	12
1559	22
1560	60
1561	53
1562	8
1563	2
1564	56
1565	2
1566	6
1567	13
1568	35
1569	5
1570	1
1571	1
1572	11
1573	3
1574	19
1575	7
1576	1
1577	25
1578	22
1579	49
1580	49
1581	30
1582	40
1583	11
1584	41
1585	2
1586	3
1587	22
1588	1
1589	27
1590	9
1591	10
1592	4
1593	4
1594	5
1595	38
1596	3
1597	4
1598	16
1599	50
1600	5
1601	1
1602	5
1603	8
1604	14
1605	1
1606	48
1607	40
1608	25
1609	7
1610	7
1611	17
1612	17
1613	3
1614	4
1615	15
1616	5
1617	10
1618	37
1619	19
1620	4
1621	9
1622	30
1623	44
1624	8
1625	2
1626	44
1627	3
1628	2
1629	5
1630	58
1631	14
1632	42
1633	9
1634	23
1635	14
1636	2
1637	21
1638	40
1639	40
1640	35
1641	7
1642	29
1643	42
1644	46
1645	30
1646	1
1647	11
1648	3
1649	12
1650	2
1651	1
1652	16
1653	9
1654	1
1655	5
1656	61
1657	2
1658	6
1659	10
1660	6
1661	19
1662	7
1663	18
1664	9
1665	7
1666	1
1667	4
1668	6
1669	61
1670	2
1671	17
1672	59
1673	51
1674	32
1675	32
1676	1
1677	4
1678	2
1679	3
1680	5
1681	35
1682	6
1683	1
1684	23
1685	7
1686	8
1687	2
1688	6
1689	2
1690	2
1691	30
1692	4
1693	35
1694	1
1695	21
1696	17
1697	47
1698	5
1699	1
1700	6
1701	19
1702	1
1703	3
1704	5
1705	13
1706	1
1707	3
1708	1
1709	18
1710	1
1711	4
1712	53
1713	17
1714	2
1715	21
1716	15
1717	8
1718	56
1719	53
1720	42
1721	1
1722	6
1723	12
1724	9
1725	20
1726	22
1727	4
1728	9
1729	22
1730	1
1731	6
1732	49
1733	11
1734	28
1735	39
1736	7
1737	12
1738	10
1739	41
1740	8
1741	54
1742	15
1743	37
1744	3
1745	1
1746	5
1747	52
1748	25
1749	2
1750	2
1751	44
1752	52
1753	22
1754	13
1755	19
1756	6
1757	49
1758	4
1759	4
1760	1
1761	1
1762	44
1763	4
1764	4
1765	32
1766	12
1767	10
1768	18
1769	61
1770	5
1771	54
1772	1
1773	6
1774	5
1775	26
1776	17
1777	7
1778	14
1779	4
1780	29
1781	1
1782	7
1783	1
1784	5
1785	2
1786	10
1787	34
1788	32
1789	11
1790	2
1791	17
1792	2
1793	1
1794	4
1795	55
1796	2
1797	6
1798	17
1799	31
1800	15
1801	4
1802	7
1803	2
1804	45
1805	4
1806	9
1807	10
1808	6
1809	47
1810	40
1811	11
1812	7
1813	36
1814	32
1815	1
1816	25
1817	2
1818	20
1819	42
1820	55
1821	43
1822	2
1823	1
1824	49
1825	34
1826	3
1827	17
1828	1
1829	11
1830	27
1831	4
1832	3
1833	3
1834	20
1835	46
1836	58
1837	4
1838	33
1839	27
1840	11
1841	6
1842	42
1843	11
1844	26
1845	15
1846	12
1847	6
1848	9
1849	2
1850	22
1851	24
1852	1
1853	2
1854	4
1855	22
1856	26
1857	3
1858	14
1859	2
1860	1
1861	7
1862	28
1863	5
1864	2
1865	4
1866	59
1867	2
1868	1
1869	14
1870	2
1871	42
1872	30
1873	14
1874	30
1875	55
1876	10
1877	9
1878	1
1879	30
1880	26
1881	48
1882	3
1883	3
1884	4
1885	11
1886	16
1887	6
1888	3
1889	27
1890	36
1891	2
1892	14
1893	17
1894	29
1895	5
1896	3
1897	36
1898	43
1899	3
1900	29
1901	37
1902	3
1903	1
1904	9
1905	45
1906	7
1907	1
1908	57
1909	11
1910	25
1911	13
1912	3
1913	3
1914	58
1915	19
1916	5
1917	54
1918	10
1919	5
1920	49
1921	1
1922	30
1923	20
1924	3
1925	4
1926	21
1927	6
1928	13
1929	21
1930	5
1931	31
1932	22
1933	50
1934	6
1935	21
1936	3
1937	11
1938	5
1939	2
1940	48
1941	10
1942	9
1943	11
1944	4
1945	13
1946	2
1947	4
1948	2
1949	21
1950	5
1951	1
1952	33
1953	1
1954	47
1955	20
1956	5
1957	10
1958	60
1959	2
1960	3
1961	2
1962	9
1963	1
1964	25
1965	5
1966	4
1967	21
1968	2
1969	28
1970	58
1971	6
1972	7
1973	3
1974	6
1975	29
1976	7
1977	2
1978	5
1979	16
1980	18
1981	10
1982	54
1983	6
1984	52
1985	4
1986	30
1987	17
1988	4
1989	6
1990	3
1991	4
1992	1
1993	7
1994	3
1995	5
1996	3
1997	20
1998	24
1999	4
2000	55
2001	4
2002	32
2003	16
2004	48
2005	46
2006	31
2007	1
2008	2
2009	59
2010	4
2011	2
2012	27
2013	61
2014	13
2015	2
2016	37
2017	36
2018	23
2019	4
2020	51
2021	4
2022	3
2023	5
2024	44
2025	5
2026	41
2027	19
2028	7
2029	52
2030	3
2031	5
2032	2
2033	3
2034	11
2035	49
2036	9
2037	3
2038	20
2039	21
2040	14
2041	15
2042	5
2043	5
2044	51
2045	14
2046	7
2047	54
2048	4
2049	29
2050	7
2051	21
2052	1
2053	15
2054	58
2055	36
2056	6
2057	2
2058	14
2059	4
2060	7
2061	32
2062	1
2063	28
2064	1
2065	30
2066	20
2067	37
2068	2
2069	5
2070	11
2071	8
2072	15
2073	1
2074	56
2075	19
2076	13
2077	61
2078	58
2079	54
2080	26
2081	3
2082	3
2083	2
2084	1
2085	8
2086	22
2087	2
2088	6
2089	7
2090	15
2091	6
2092	26
2093	55
2094	14
2095	40
2096	9
2097	10
2098	24
2099	37
2100	7
2101	15
2102	4
2103	21
2104	37
2105	6
2106	5
2107	1
2108	56
2109	6
2110	26
2111	13
2112	24
2113	5
2114	18
2115	8
2116	10
2117	41
2118	2
2119	24
2120	1
2121	6
2122	41
2123	12
2124	7
2125	25
2126	11
2127	8
2128	41
2129	2
2130	57
2131	5
2132	4
2133	5
2134	18
2135	8
2136	1
2137	15
2138	14
2139	5
2140	17
2141	37
2142	3
2143	2
2144	15
2145	7
2146	3
2147	7
2148	5
2149	7
2150	2
2151	37
2152	4
2153	39
2154	46
2155	58
2156	2
2157	12
2158	10
2159	55
2160	20
2161	2
2162	23
2163	54
2164	4
2165	34
2166	8
2167	7
2168	20
2169	7
2170	5
2171	15
2172	21
2173	29
2174	46
2175	23
2176	8
2177	1
2178	1
2179	4
2180	24
2181	2
2182	49
2183	20
2184	2
2185	2
2186	29
2187	1
2188	2
2189	11
2190	21
2191	59
2192	7
2193	27
2194	9
2195	5
2196	10
2197	2
2198	2
2199	6
2200	18
2201	28
2202	37
2203	30
2204	1
2205	4
2206	3
2207	1
2208	4
2209	36
2210	18
2211	33
2212	2
2213	8
2214	29
2215	9
2216	30
2217	41
2218	16
2219	4
2220	4
2221	7
2222	2
2223	32
2224	6
2225	41
2226	7
2227	3
2228	57
2229	58
2230	56
2231	1
2232	1
2233	2
2234	32
2235	32
2236	19
2237	12
2238	8
2239	41
2240	3
2241	4
2242	2
2243	2
2244	3
2245	5
2246	21
2247	10
2248	17
2249	47
2250	2
2251	9
2252	7
2253	40
2254	7
2255	2
2256	7
2257	18
2258	27
2259	2
2260	2
2261	15
2262	20
2263	19
2264	7
2265	5
2266	31
2267	2
2268	32
2269	3
2270	1
2271	7
2272	20
2273	47
2274	2
2275	1
2276	4
2277	16
2278	5
2279	6
2280	1
2281	8
2282	16
2283	1
2284	3
2285	2
2286	6
2287	53
2288	47
2289	3
2290	11
2291	1
2292	19
2293	9
2294	14
2295	3
2296	19
2297	47
2298	50
2299	8
2300	51
2301	13
2302	2
2303	2
2304	7
2305	1
2306	50
2307	22
2308	10
2309	3
2310	34
2311	5
2312	39
2313	34
2314	11
2315	24
2316	25
2317	11
2318	31
2319	17
2320	6
2321	32
2322	7
2323	43
2324	8
2325	54
2326	30
2327	3
2328	4
2329	12
2330	6
2331	5
2332	7
2333	6
2334	8
2335	42
2336	22
2337	7
2338	3
2339	32
2340	2
2341	7
2342	1
2343	5
2344	18
2345	49
2346	43
2347	26
2348	4
2349	23
2350	38
2351	2
2352	15
2353	2
2354	18
2355	60
2356	51
2357	4
2358	21
2359	39
2360	2
2361	1
2362	3
2363	1
2364	2
2365	43
2366	21
2367	3
2368	43
2369	13
2370	14
2371	13
2372	4
2373	10
2374	47
2375	15
2376	36
2377	17
2378	4
2379	1
2380	42
2381	46
2382	25
2383	1
2384	20
2385	2
2386	2
2387	37
2388	58
2389	3
2390	42
2391	7
2392	29
2393	5
2394	6
2395	7
2396	5
2397	42
2398	40
2399	2
2400	21
2401	1
2402	1
2403	1
2404	34
2405	6
2406	49
2407	45
2408	1
2409	19
2410	35
2411	12
2412	19
2413	7
2414	39
2415	30
2416	13
2417	2
2418	3
2419	15
2420	2
2421	2
2422	3
2423	1
2424	7
2425	12
2426	57
2427	2
2428	3
2429	60
2430	5
2431	40
2432	1
2433	49
2434	4
2435	48
2436	7
2437	7
2438	7
2439	8
2440	16
2441	7
2442	8
2443	11
2444	5
2445	2
2446	7
2447	16
2448	33
2449	1
2450	2
2451	21
2452	1
2453	15
2454	1
2455	4
2456	10
2457	4
2458	11
2459	23
2460	53
2461	5
2462	8
2463	1
2464	12
2465	16
2466	11
2467	19
2468	4
2469	6
2470	1
2471	1
2472	6
2473	21
2474	6
2475	8
2476	22
2477	19
2478	16
2479	17
2480	15
2481	19
2482	6
2483	55
2484	3
2485	3
2486	9
2487	17
2488	13
2489	2
2490	1
2491	2
2492	6
2493	6
2494	49
2495	51
2496	59
2497	21
2498	24
2499	2
2500	28
2501	14
2502	17
2503	10
2504	57
2505	2
2506	3
2507	42
2508	38
2509	15
2510	19
2511	3
2512	5
2513	5
2514	6
2515	37
2516	2
2517	2
2518	24
2519	7
2520	20
2521	21
2522	40
2523	11
2524	20
2525	1
2526	15
2527	7
2528	5
2529	1
2530	32
2531	19
2532	40
2533	4
2534	4
2535	41
2536	5
2537	10
2538	9
2539	16
2540	45
2541	2
2542	1
2543	36
2544	53
2545	30
2546	9
2547	41
2548	5
2549	7
2550	2
2551	4
2552	2
2553	5
2554	2
2555	5
2556	38
2557	15
2558	2
2559	16
2560	5
2561	5
2562	8
2563	5
2564	31
2565	23
2566	14
2567	16
2568	7
2569	11
2570	32
2571	37
2572	34
2573	14
2574	4
2575	1
2576	35
2577	6
2578	42
2579	60
2580	47
2581	41
2582	18
2583	46
2584	31
2585	11
2586	6
2587	51
2588	2
2589	20
2590	7
2591	25
2592	6
2593	22
2594	22
2595	58
2596	21
2597	3
2598	2
2599	44
2600	26
2601	53
2602	1
2603	42
2604	22
2605	14
2606	56
2607	5
2608	34
2609	24
2610	1
2611	17
2612	6
2613	47
2614	40
2615	12
2616	1
2617	24
2618	7
2619	40
2620	5
2621	23
2622	18
2623	1
2624	15
2625	26
2626	33
2627	1
2628	2
2629	5
2630	50
2631	8
2632	23
2633	39
2634	17
2635	55
2636	25
2637	9
2638	10
2639	36
2640	4
2641	2
2642	7
2643	6
2644	4
2645	17
2646	21
2647	43
2648	11
2649	38
2650	1
2651	5
2652	2
2653	1
2654	3
2655	10
2656	5
2657	6
2658	25
2659	4
2660	15
2661	3
2662	24
2663	22
2664	10
2665	44
2666	2
2667	26
2668	60
2669	31
2670	8
2671	26
2672	19
2673	5
2674	44
2675	1
2676	37
2677	16
2678	3
2679	24
2680	1
2681	4
2682	5
2683	34
2684	40
2685	10
2686	22
2687	2
2688	2
2689	4
2690	4
2691	50
2692	1
2693	15
2694	1
2695	2
2696	33
2697	6
2698	3
2699	30
2700	9
2701	6
2702	1
2703	24
2704	4
2705	8
2706	36
2707	3
2708	3
2709	6
2710	46
2711	61
2712	28
2713	20
2714	11
2715	7
2716	34
2717	5
2718	34
2719	13
2720	25
2721	2
2722	6
2723	30
2724	42
2725	7
2726	1
2727	28
2728	2
2729	4
2730	5
2731	7
2732	1
2733	26
2734	19
2735	28
2736	5
2737	7
2738	24
2739	31
2740	23
2741	9
2742	15
2743	9
2744	2
2745	1
2746	12
2747	10
2748	10
2749	42
2750	16
2751	44
2752	5
2753	28
2754	15
2755	8
2756	29
2757	59
2758	29
2759	57
2760	7
2761	34
2762	41
2763	4
2764	10
2765	46
2766	3
2767	6
2768	26
2769	4
2770	42
2771	41
2772	13
2773	7
2774	2
2775	7
2776	61
2777	14
2778	46
2779	34
2780	6
2781	15
2782	11
2783	23
2784	36
2785	21
2786	5
2787	5
2788	8
2789	52
2790	5
2791	21
2792	7
2793	3
2794	1
2795	3
2796	21
2797	2
2798	2
2799	2
2800	1
2801	31
2802	39
2803	3
2804	7
2805	12
2806	3
2807	45
2808	10
2809	44
2810	4
2811	3
2812	2
2813	5
2814	9
2815	3
2816	10
2817	10
2818	50
2819	13
2820	4
2821	23
2822	2
2823	2
2824	56
2825	1
2826	5
2827	7
2828	24
2829	6
2830	17
2831	25
2832	6
2833	4
2834	2
2835	2
2836	1
2837	9
2838	2
2839	3
2840	1
2841	52
2842	7
2843	21
2844	6
2845	40
2846	10
2847	22
2848	20
2849	5
2850	1
2851	4
2852	57
2853	1
2854	1
2855	4
2856	23
2857	4
2858	19
2859	2
2860	36
2861	12
2862	44
2863	1
2864	38
2865	2
2866	1
2867	12
2868	36
2869	13
2870	50
2871	16
2872	2
2873	5
2874	56
2875	40
2876	29
2877	3
2878	29
2879	3
2880	2
2881	1
2882	50
2883	37
2884	1
2885	12
2886	15
2887	3
2888	7
2889	26
2890	23
2891	2
2892	1
2893	2
2894	39
2895	14
2896	7
2897	15
2898	51
2899	50
2900	2
2901	4
2902	6
2903	18
2904	19
2905	6
2906	3
2907	12
2908	8
2909	4
2910	4
2911	7
2912	6
2913	2
2914	39
2915	8
2916	32
2917	8
2918	3
2919	3
2920	23
2921	4
2922	2
2923	16
2924	16
2925	6
2926	11
2927	58
2928	61
2929	10
2930	5
2931	25
2932	60
2933	27
2934	40
2935	1
2936	1
2937	2
2938	6
2939	2
2940	60
2941	6
2942	27
2943	9
2944	41
2945	3
2946	15
2947	6
2948	42
2949	21
2950	61
2951	45
2952	2
2953	32
2954	4
2955	5
2956	1
2957	4
2958	44
2959	4
2960	24
2961	2
2962	4
2963	18
2964	2
2965	9
2966	31
2967	23
2968	12
2969	16
2970	5
2971	7
2972	28
2973	15
2974	7
2975	41
2976	4
2977	5
2978	27
2979	4
2980	1
2981	5
2982	46
2983	31
2984	7
2985	4
2986	15
2987	11
2988	13
2989	17
2990	30
2991	1
2992	48
2993	1
2994	11
2995	11
2996	3
2997	2
2998	3
2999	57
3000	5
3001	21
3002	26
3003	1
3004	3
3005	20
3006	41
3007	16
3008	9
3009	1
3010	4
3011	4
3012	4
3013	10
3014	11
3015	2
3016	2
3017	58
3018	47
3019	51
3020	3
3021	19
3022	59
3023	3
3024	8
3025	1
3026	4
3027	37
3028	27
3029	27
3030	1
3031	40
3032	32
3033	6
3034	13
3035	14
3036	18
3037	1
3038	8
3039	25
3040	43
3041	2
3042	5
3043	61
3044	14
3045	34
3046	42
3047	9
3048	8
3049	51
3050	2
3051	3
3052	6
3053	37
3054	6
3055	12
3056	4
3057	3
3058	6
3059	4
3060	2
3061	30
3062	10
3063	4
3064	24
3065	31
3066	53
3067	59
3068	45
3069	18
3070	11
3071	54
3072	55
3073	6
3074	2
3075	13
3076	10
3077	1
3078	35
3079	9
3080	5
3081	28
3082	7
3083	39
3084	1
3085	6
3086	32
3087	4
3088	3
3089	6
3090	47
3091	28
3092	13
3093	29
3094	3
3095	29
3096	6
3097	3
3098	13
3099	15
3100	10
3101	2
3102	6
3103	3
3104	7
3105	4
3106	3
3107	55
3108	7
3109	15
3110	24
3111	38
3112	2
3113	2
3114	32
3115	4
3116	4
3117	12
3118	43
3119	8
3120	2
3121	25
3122	1
3123	43
3124	6
3125	24
3126	13
3127	2
3128	6
3129	17
3130	7
3131	7
3132	7
3133	8
3134	12
3135	38
3136	10
3137	4
3138	61
3139	13
3140	12
3141	3
3142	47
3143	13
3144	46
3145	7
3146	8
3147	6
3148	26
3149	11
3150	2
3151	53
3152	56
3153	5
3154	5
3155	1
3156	26
3157	34
3158	9
3159	20
3160	54
3161	51
3162	7
3163	40
3164	1
3165	22
3166	2
3167	5
3168	5
3169	56
3170	1
3171	5
3172	2
3173	7
3174	6
3175	4
3176	17
3177	6
3178	54
3179	38
3180	2
3181	2
3182	3
3183	23
3184	2
3185	2
3186	2
3187	7
3188	19
3189	5
3190	40
3191	11
3192	8
3193	49
3194	3
3195	29
3196	1
3197	11
3198	53
3199	7
3200	16
3201	20
3202	4
3203	31
3204	28
3205	48
3206	3
3207	21
3208	10
3209	8
3210	12
3211	2
3212	6
3213	45
3214	4
3215	27
3216	4
3217	23
3218	3
3219	3
3220	2
3221	20
3222	24
3223	21
3224	35
3225	2
3226	29
3227	2
3228	53
3229	15
3230	34
3231	7
3232	15
3233	3
3234	43
3235	32
3236	9
3237	15
3238	14
3239	38
3240	2
3241	8
3242	6
3243	55
3244	2
3245	6
3246	1
3247	60
3248	22
3249	1
3250	36
3251	4
3252	3
3253	20
3254	22
3255	7
3256	4
3257	9
3258	46
3259	54
3260	34
3261	35
3262	1
3263	18
3264	5
3265	49
3266	26
3267	48
3268	22
3269	8
3270	2
3271	2
3272	18
3273	38
3274	1
3275	14
3276	14
3277	17
3278	25
3279	3
3280	31
3281	34
3282	5
3283	6
3284	37
3285	21
3286	16
3287	61
3288	5
3289	21
3290	17
3291	20
3292	11
3293	2
3294	5
3295	9
3296	12
3297	7
3298	9
3299	3
3300	53
3301	3
3302	36
3303	4
3304	5
3305	61
3306	6
3307	9
3308	53
3309	5
3310	25
3311	19
3312	28
3313	1
3314	1
3315	42
3316	25
3317	3
3318	21
3319	14
3320	16
3321	4
3322	38
3323	1
3324	5
3325	19
3326	16
3327	1
3328	1
3329	20
3330	9
3331	17
3332	1
3333	14
3334	2
3335	5
3336	3
3337	38
3338	56
3339	3
3340	1
3341	29
3342	33
3343	15
3344	44
3345	3
3346	18
3347	3
3348	3
3349	6
3350	4
3351	6
3352	29
3353	41
3354	2
3355	36
3356	6
3357	7
3358	1
3359	2
3360	58
3361	1
3362	3
3363	8
3364	20
3365	5
3366	30
3367	12
3368	1
3369	48
3370	3
3371	2
3372	9
3373	5
3374	31
3375	3
3376	45
3377	4
3378	2
3379	23
3380	2
3381	2
3382	1
3383	4
3384	6
3385	7
3386	6
3387	6
3388	51
3389	1
3390	45
3391	25
3392	1
3393	17
3394	18
3395	7
3396	14
3397	6
3398	13
3399	6
3400	1
3401	1
3402	20
3403	3
3404	37
3405	51
3406	2
3407	24
3408	6
3409	6
3410	8
3411	14
3412	2
3413	4
3414	15
3415	1
3416	36
3417	8
3418	60
3419	14
3420	37
3421	8
3422	8
3423	1
3424	47
3425	23
3426	2
3427	6
3428	48
3429	34
3430	18
3431	2
3432	1
3433	6
3434	4
3435	43
3436	47
3437	7
3438	33
3439	4
3440	56
3441	39
3442	41
3443	7
3444	56
3445	16
3446	40
3447	4
3448	6
3449	8
3450	47
3451	2
3452	2
3453	12
3454	6
3455	2
3456	1
3457	30
3458	22
3459	13
3460	22
3461	33
3462	2
3463	4
3464	9
3465	10
3466	44
3467	49
3468	13
3469	36
3470	35
3471	51
3472	43
3473	1
3474	2
3475	7
3476	53
3477	42
3478	5
3479	2
3480	59
3481	12
3482	16
3483	34
3484	45
3485	6
3486	52
3487	20
3488	30
3489	7
3490	13
3491	11
3492	25
3493	7
3494	5
3495	29
3496	33
3497	11
3498	2
3499	7
3500	18
3501	52
3502	5
3503	10
3504	28
3505	55
3506	49
3507	2
3508	27
3509	2
3510	35
3511	12
3512	7
3513	3
3514	1
3515	1
3516	26
3517	3
3518	1
3519	24
3520	58
3521	4
3522	12
3523	1
3524	4
3525	15
3526	7
3527	2
3528	33
3529	11
3530	1
3531	5
3532	2
3533	16
3534	1
3535	21
3536	5
3537	1
3538	4
3539	23
3540	1
3541	9
3542	8
3543	8
3544	4
3545	3
3546	14
3547	35
3548	18
3549	6
3550	3
3551	3
3552	12
3553	8
3554	16
3555	8
3556	1
3557	4
3558	5
3559	25
3560	2
3561	29
3562	5
3563	6
3564	29
3565	16
3566	13
3567	40
3568	46
3569	8
3570	16
3571	8
3572	2
3573	16
3574	2
3575	4
3576	7
3577	4
3578	4
3579	4
3580	6
3581	42
3582	24
3583	9
3584	9
3585	1
3586	5
3587	4
3588	10
3589	58
3590	47
3591	46
3592	4
3593	9
3594	3
3595	4
3596	13
3597	5
3598	21
3599	7
3600	2
3601	7
3602	20
3603	4
3604	24
3605	22
3606	40
3607	3
3608	1
3609	4
3610	1
3611	2
3612	12
3613	2
3614	20
3615	2
3616	2
3617	33
3618	27
3619	19
3620	9
3621	2
3622	6
3623	5
3624	32
3625	6
3626	6
3627	10
3628	16
3629	17
3630	7
3631	6
3632	32
3633	19
3634	12
3635	31
3636	40
3637	28
3638	2
3639	4
3640	5
3641	61
3642	12
3643	4
3644	3
3645	33
3646	26
3647	17
3648	5
3649	18
3650	29
3651	54
3652	5
3653	8
3654	7
3655	5
3656	20
3657	4
3658	3
3659	23
3660	8
3661	6
3662	17
3663	1
3664	5
3665	5
3666	20
3667	2
3668	59
3669	3
3670	8
3671	2
3672	19
3673	52
3674	56
3675	9
3676	4
3677	6
3678	2
3679	27
3680	4
3681	2
3682	48
3683	2
3684	5
3685	8
3686	2
3687	2
3688	17
3689	11
3690	15
3691	1
3692	55
3693	23
3694	8
3695	1
3696	3
3697	9
3698	41
3699	57
3700	19
3701	34
3702	3
3703	2
3704	35
3705	9
3706	54
3707	33
3708	18
3709	13
3710	21
3711	10
3712	3
3713	17
3714	34
3715	3
3716	5
3717	7
3718	28
3719	4
3720	14
3721	10
3722	1
3723	3
3724	4
3725	1
3726	46
3727	35
3728	12
3729	27
3730	1
3731	10
3732	32
3733	61
3734	19
3735	32
3736	10
3737	5
3738	2
3739	13
3740	20
3741	4
3742	4
3743	14
3744	37
3745	3
3746	10
3747	17
3748	7
3749	10
3750	8
3751	3
3752	13
3753	5
3754	33
3755	3
3756	4
3757	30
3758	48
3759	14
3760	1
3761	26
3762	16
3763	40
3764	6
3765	33
3766	22
3767	11
3768	16
3769	1
3770	7
3771	2
3772	7
3773	1
3774	4
3775	2
3776	5
3777	2
3778	6
3779	40
3780	3
3781	56
3782	14
3783	5
3784	1
3785	11
3786	10
3787	35
3788	1
3789	4
3790	11
3791	20
3792	7
3793	7
3794	18
3795	6
3796	3
3797	45
3798	6
3799	25
3800	10
3801	10
3802	4
3803	2
3804	4
3805	5
3806	47
3807	7
3808	25
3809	5
3810	27
3811	3
3812	19
3813	3
3814	22
3815	34
3816	1
3817	2
3818	51
3819	43
3820	2
3821	9
3822	16
3823	2
3824	43
3825	14
3826	24
3827	11
3828	6
3829	20
3830	30
3831	42
3832	6
3833	1
3834	8
3835	3
3836	9
3837	21
3838	5
3839	7
3840	42
3841	13
3842	33
3843	4
3844	8
3845	4
3846	3
3847	6
3848	3
3849	8
3850	4
3851	9
3852	43
3853	47
3854	41
3855	4
3856	3
3857	53
3858	6
3859	19
3860	10
3861	9
3862	51
3863	29
3864	17
3865	45
3866	23
3867	5
3868	6
3869	32
3870	3
3871	8
3872	41
3873	4
3874	3
3875	46
3876	20
3877	24
3878	3
3879	2
3880	4
3881	16
3882	2
3883	6
3884	2
3885	1
3886	17
3887	45
3888	6
3889	7
3890	4
3891	6
3892	31
3893	11
3894	14
3895	3
3896	9
3897	33
3898	29
3899	2
3900	3
3901	20
3902	1
3903	2
3904	2
3905	6
3906	31
3907	1
3908	12
3909	4
3910	4
3911	7
3912	28
3913	10
3914	37
3915	9
3916	1
3917	4
3918	46
3919	1
3920	53
3921	39
3922	57
3923	3
3924	11
3925	7
3926	15
3927	18
3928	4
3929	40
3930	3
3931	37
3932	5
3933	56
3934	2
3935	4
3936	28
3937	5
3938	2
3939	37
3940	41
3941	7
3942	5
3943	15
3944	1
3945	50
3946	3
3947	1
3948	1
3949	58
3950	45
3951	30
3952	11
3953	4
3954	1
3955	3
3956	10
3957	51
3958	7
3959	15
3960	2
3961	45
3962	12
3963	60
3964	7
3965	3
3966	4
3967	38
3968	7
3969	61
3970	11
3971	22
3972	4
3973	2
3974	55
3975	15
3976	2
3977	6
3978	12
3979	7
3980	22
3981	6
3982	52
3983	4
3984	56
3985	1
3986	41
3987	13
3988	6
3989	3
3990	40
3991	1
3992	18
3993	44
3994	44
3995	1
3996	5
3997	3
3998	5
3999	5
4000	23
4001	34
4002	10
4003	5
4004	18
4005	3
4006	2
4007	7
4008	25
4009	8
4010	7
4011	9
4012	9
4013	42
4014	14
4015	5
4016	1
4017	9
4018	4
4019	15
4020	19
4021	44
4022	17
4023	4
4024	1
4025	34
4026	7
4027	57
4028	12
4029	25
4030	4
4031	46
4032	60
4033	3
4034	1
4035	9
4036	16
4037	1
4038	6
4039	57
4040	13
4041	1
4042	1
4043	6
4044	11
4045	5
4046	31
4047	60
4048	46
4049	19
4050	1
4051	9
4052	5
4053	17
4054	4
4055	7
4056	12
4057	49
4058	19
4059	2
4060	5
4061	7
4062	6
4063	8
4064	9
4065	8
4066	9
4067	4
4068	18
4069	38
4070	36
4071	26
4072	8
4073	2
4074	1
4075	11
4076	4
4077	18
4078	10
4079	55
4080	16
4081	3
4082	4
4083	2
4084	9
4085	32
4086	15
4087	7
4088	34
4089	28
4090	27
4091	4
4092	5
4093	51
4094	47
4095	15
4096	10
4097	11
4098	2
4099	42
4100	3
4101	4
4102	6
4103	46
4104	27
4105	61
4106	1
4107	4
4108	3
4109	5
4110	50
4111	20
4112	44
4113	5
4114	44
4115	59
4116	6
4117	1
4118	1
4119	2
4120	23
4121	1
4122	6
4123	42
4124	24
4125	3
4126	42
4127	16
4128	3
4129	5
4130	11
4131	4
4132	42
4133	3
4134	5
4135	21
4136	5
4137	16
4138	11
4139	34
4140	14
4141	26
4142	7
4143	21
4144	42
4145	5
4146	1
4147	33
4148	3
4149	15
4150	16
4151	4
4152	45
4153	1
4154	3
4155	1
4156	10
4157	27
4158	7
4159	6
4160	35
4161	19
4162	14
4163	33
4164	5
4165	2
4166	7
4167	7
4168	43
4169	53
4170	5
4171	4
4172	4
4173	31
4174	10
4175	11
4176	43
4177	4
4178	41
4179	9
4180	2
4181	27
4182	5
4183	41
4184	52
4185	25
4186	8
4187	7
4188	32
4189	28
4190	8
4191	7
4192	7
4193	5
4194	5
4195	5
4196	15
4197	1
4198	19
4199	24
4200	5
4201	3
4202	1
4203	11
4204	3
4205	3
4206	19
4207	2
4208	7
4209	52
4210	6
4211	3
4212	55
4213	43
4214	13
4215	6
4216	6
4217	54
4218	4
4219	16
4220	1
4221	22
4222	5
4223	48
4224	1
4225	47
4226	15
4227	3
4228	5
4229	41
4230	20
4231	1
4232	13
4233	20
4234	8
4235	9
4236	4
4237	50
4238	5
4239	5
4240	8
4241	57
4242	5
4243	1
4244	41
4245	2
4246	53
4247	12
4248	23
4249	26
4250	3
4251	5
4252	16
4253	49
4254	10
4255	28
4256	2
4257	11
4258	6
4259	3
4260	21
4261	6
4262	17
4263	1
4264	5
4265	36
4266	49
4267	22
4268	4
4269	4
4270	58
4271	12
4272	26
4273	26
4274	13
4275	18
4276	7
4277	2
4278	32
4279	11
4280	40
4281	10
4282	21
4283	26
4284	49
4285	1
4286	5
4287	35
4288	2
4289	26
4290	7
4291	17
4292	53
4293	51
4294	4
4295	17
4296	17
4297	33
4298	13
4299	2
4300	4
4301	7
4302	2
4303	4
4304	7
4305	2
4306	44
4307	19
4308	2
4309	3
4310	17
4311	7
4312	21
4313	25
4314	6
4315	12
4316	28
4317	2
4318	7
4319	50
4320	47
4321	41
4322	23
4323	51
4324	1
4325	1
4326	21
4327	16
4328	2
4329	35
4330	7
4331	11
4332	2
4333	17
4334	54
4335	12
4336	7
4337	8
4338	6
4339	6
4340	22
4341	11
4342	1
4343	29
4344	2
4345	21
4346	26
4347	7
4348	33
4349	14
4350	3
4351	41
4352	8
4353	8
4354	18
4355	2
4356	2
4357	1
4358	1
4359	6
4360	19
4361	29
4362	6
4363	26
4364	27
4365	18
4366	24
4367	47
4368	1
4369	34
4370	4
4371	16
4372	13
4373	21
4374	3
4375	1
4376	2
4377	7
4378	6
4379	9
4380	7
4381	2
4382	14
4383	5
4384	12
4385	25
4386	5
4387	18
4388	13
4389	2
4390	22
4391	36
4392	2
4393	1
4394	9
4395	6
4396	23
4397	3
4398	59
4399	10
4400	4
4401	33
4402	6
4403	5
4404	4
4405	61
4406	54
4407	12
4408	6
4409	2
4410	59
4411	2
4412	9
4413	2
4414	23
4415	2
4416	5
4417	2
4418	29
4419	2
4420	2
4421	8
4422	19
4423	7
4424	6
4425	5
4426	2
4427	1
4428	34
4429	7
4430	39
4431	2
4432	2
4433	4
4434	17
4435	9
4436	6
4437	6
4438	25
4439	7
4440	3
4441	54
4442	61
4443	1
4444	45
4445	2
4446	60
4447	10
4448	2
4449	41
4450	1
4451	7
4452	46
4453	3
4454	13
4455	28
4456	48
4457	4
4458	5
4459	10
4460	32
4461	2
4462	32
4463	5
4464	14
4465	4
4466	44
4467	8
4468	13
4469	6
4470	39
4471	9
4472	21
4473	54
4474	48
4475	48
4476	21
4477	7
4478	22
4479	4
4480	13
4481	24
4482	2
4483	5
4484	20
4485	1
4486	9
4487	4
4488	7
4489	33
4490	6
4491	9
4492	34
4493	17
4494	26
4495	2
4496	10
4497	43
4498	28
4499	58
4500	4
4501	21
4502	34
4503	38
4504	37
4505	17
4506	4
4507	18
4508	35
4509	7
4510	6
4511	18
4512	44
4513	14
4514	18
4515	9
4516	3
4517	2
4518	2
4519	42
4520	1
4521	6
4522	20
4523	41
4524	15
4525	1
4526	2
4527	1
4528	4
4529	25
4530	16
4531	16
4532	2
4533	3
4534	2
4535	3
4536	6
4537	4
4538	21
4539	52
4540	18
4541	18
4542	12
4543	9
4544	34
4545	16
4546	16
4547	1
4548	52
4549	30
4550	3
4551	16
4552	1
4553	10
4554	2
4555	11
4556	20
4557	5
4558	18
4559	14
4560	2
4561	45
4562	7
4563	10
4564	7
4565	7
4566	1
4567	3
4568	40
4569	6
4570	27
4571	14
4572	2
4573	19
4574	21
4575	14
4576	7
4577	2
4578	11
4579	2
4580	3
4581	6
4582	29
4583	7
4584	8
4585	3
4586	7
4587	5
4588	8
4589	10
4590	25
4591	5
4592	2
4593	43
4594	48
4595	20
4596	11
4597	12
4598	55
4599	11
4600	35
4601	5
4602	2
4603	3
4604	21
4605	12
4606	31
4607	7
4608	9
4609	16
4610	20
4611	58
4612	25
4613	6
4614	33
4615	11
4616	16
4617	43
4618	5
4619	7
4620	12
4621	14
4622	4
4623	2
4624	5
4625	45
4626	59
4627	6
4628	21
4629	26
4630	52
4631	6
4632	13
4633	7
4634	4
4635	10
4636	40
4637	10
4638	26
4639	1
4640	1
4641	4
4642	19
4643	6
4644	21
4645	2
4646	6
4647	3
4648	7
4649	42
4650	1
4651	38
4652	36
4653	23
4654	31
4655	8
4656	2
4657	52
4658	48
4659	2
4660	37
4661	3
4662	5
4663	19
4664	1
4665	33
4666	2
4667	20
4668	17
4669	7
4670	23
4671	2
4672	11
4673	11
4674	1
4675	31
4676	53
4677	6
4678	2
4679	7
4680	3
4681	6
4682	30
4683	35
4684	34
4685	49
4686	12
4687	1
4688	5
4689	22
4690	1
4691	13
4692	1
4693	13
4694	1
4695	1
4696	1
4697	5
4698	9
4699	5
4700	6
4701	12
4702	23
4703	7
4704	36
4705	27
4706	14
4707	13
4708	1
4709	7
4710	52
4711	1
4712	9
4713	15
4714	7
4715	47
4716	2
4717	10
4718	6
4719	24
4720	7
4721	30
4722	39
4723	4
4724	2
4725	24
4726	7
4727	5
4728	1
4729	34
4730	28
4731	7
4732	6
4733	29
4734	19
4735	42
4736	4
4737	3
4738	18
4739	30
4740	23
4741	10
4742	26
4743	36
4744	52
4745	38
4746	20
4747	12
4748	19
4749	9
4750	2
4751	48
4752	3
4753	6
4754	1
4755	4
4756	9
4757	47
4758	4
4759	38
4760	4
4761	58
4762	40
4763	6
4764	13
4765	23
4766	57
4767	15
4768	1
4769	1
4770	47
4771	1
4772	12
4773	51
4774	5
4775	2
4776	6
4777	20
4778	50
4779	13
4780	1
4781	5
4782	4
4783	1
4784	47
4785	4
4786	7
4787	4
4788	28
4789	6
4790	20
4791	16
4792	6
4793	2
4794	39
4795	15
4796	7
4797	21
4798	6
4799	51
4800	48
4801	4
4802	1
4803	5
4804	12
4805	53
4806	2
4807	48
4808	1
4809	3
4810	35
4811	3
4812	3
4813	7
4814	23
4815	1
4816	11
4817	4
4818	4
4819	33
4820	9
4821	13
4822	28
4823	2
4824	1
4825	6
4826	12
4827	7
4828	58
4829	1
4830	26
4831	2
4832	5
4833	49
4834	18
4835	5
4836	1
4837	11
4838	1
4839	2
4840	24
4841	22
4842	58
4843	12
4844	17
4845	1
4846	4
4847	7
4848	22
4849	1
4850	9
4851	1
4852	1
4853	4
4854	2
4855	6
4856	10
4857	21
4858	5
4859	43
4860	29
4861	2
4862	25
4863	3
4864	13
4865	27
4866	43
4867	2
4868	37
4869	4
4870	1
4871	1
4872	19
4873	21
4874	27
4875	22
4876	26
4877	10
4878	1
4879	3
4880	2
4881	7
4882	3
4883	5
4884	20
4885	24
4886	1
4887	10
4888	16
4889	1
4890	10
4891	2
4892	6
4893	10
4894	10
4895	5
4896	9
4897	40
4898	6
4899	61
4900	6
4901	6
4902	2
4903	3
4904	51
4905	45
4906	30
4907	1
4908	5
4909	2
4910	2
4911	32
4912	42
4913	4
4914	1
4915	3
4916	49
4917	3
4918	1
4919	4
4920	1
4921	60
4922	61
4923	32
4924	55
4925	21
4926	1
4927	7
4928	14
4929	13
4930	31
4931	61
4932	2
4933	19
4934	8
4935	5
4936	9
4937	23
4938	6
4939	3
4940	4
4941	15
4942	13
4943	4
4944	44
4945	8
4946	1
4947	7
4948	5
4949	2
4950	1
4951	9
4952	3
4953	11
4954	4
4955	26
4956	20
4957	12
4958	3
4959	6
4960	18
4961	26
4962	2
4963	15
4964	7
4965	11
4966	46
4967	27
4968	22
4969	40
4970	28
4971	47
4972	3
4973	38
4974	17
4975	8
4976	1
4977	18
4978	6
4979	2
4980	5
4981	7
4982	11
4983	5
4984	1
4985	4
4986	6
4987	1
4988	7
4989	2
4990	4
4991	2
4992	26
4993	4
4994	15
4995	1
4996	3
4997	51
4998	3
4999	1
5000	6
5001	1
5002	4
5003	40
5004	10
5005	6
5006	6
5007	5
5008	5
5009	23
5010	4
5011	39
5012	3
5013	14
5014	1
5015	1
5016	8
5017	16
5018	19
5019	12
5020	34
5021	22
5022	10
5023	43
5024	1
5025	39
5026	56
5027	2
5028	48
5029	1
5030	4
5031	12
5032	2
5033	4
5034	11
5035	1
5036	30
5037	6
5038	29
5039	37
5040	30
5041	7
5042	11
5043	15
5044	9
5045	8
5046	2
5047	5
5048	25
5049	1
5050	4
5051	14
5052	20
5053	10
5054	29
5055	24
5056	57
5057	9
5058	36
5059	13
5060	1
5061	1
5062	1
5063	4
5064	16
5065	3
5066	2
5067	11
5068	30
5069	32
5070	3
5071	38
5072	57
5073	7
5074	6
5075	7
5076	6
5077	60
5078	31
5079	13
5080	1
5081	2
5082	22
5083	7
5084	6
5085	25
5086	58
5087	14
5088	4
5089	33
5090	28
5091	7
5092	39
5093	10
5094	3
5095	13
5096	10
5097	4
5098	1
5099	5
5100	4
5101	5
5102	7
5103	52
5104	10
5105	1
5106	2
5107	42
5108	15
5109	13
5110	5
5111	1
5112	53
5113	32
5114	17
5115	6
5116	11
5117	2
5118	4
5119	2
5120	3
5121	7
5122	38
5123	45
5124	2
5125	8
5126	46
5127	6
5128	7
5129	53
5130	15
5131	14
5132	13
5133	3
5134	1
5135	4
5136	45
5137	6
5138	51
5139	4
5140	7
5141	35
5142	59
5143	5
5144	1
5145	5
5146	4
5147	19
5148	23
5149	6
5150	3
5151	24
5152	16
5153	6
5154	4
5155	54
5156	7
5157	9
5158	24
5159	16
5160	16
5161	4
5162	1
5163	17
5164	7
5165	6
5166	4
5167	4
5168	23
5169	7
5170	16
5171	23
5172	4
5173	16
5174	6
5175	7
5176	3
5177	22
5178	5
5179	35
5180	2
5181	1
5182	41
5183	1
5184	2
5185	12
5186	2
5187	6
5188	1
5189	10
5190	6
5191	2
5192	2
5193	3
5194	5
5195	5
5196	30
5197	5
5198	30
5199	2
5200	5
5201	5
5202	37
5203	9
5204	28
5205	17
5206	18
5207	5
5208	24
5209	2
5210	13
5211	6
5212	8
5213	1
5214	3
5215	31
5216	7
5217	6
5218	2
5219	5
5220	12
5221	7
5222	21
5223	38
5224	3
5225	50
5226	24
5227	50
5228	19
5229	2
5230	30
5231	4
5232	12
5233	13
5234	1
5235	14
5236	5
5237	25
5238	2
5239	16
5240	1
5241	18
5242	36
5243	10
5244	20
5245	6
5246	17
5247	6
5248	7
5249	41
5250	52
5251	1
5252	6
5253	11
5254	26
5255	53
5256	8
5257	53
5258	4
5259	13
5260	5
5261	29
5262	5
5263	13
5264	2
5265	40
5266	5
5267	1
5268	25
5269	6
5270	2
5271	2
5272	6
5273	6
5274	36
5275	56
5276	9
5277	3
5278	3
5279	3
5280	7
5281	18
5282	2
5283	6
5284	50
5285	39
5286	9
5287	16
5288	5
5289	4
5290	18
5291	44
5292	52
5293	23
5294	34
5295	2
5296	4
5297	5
5298	27
5299	12
5300	6
5301	1
5302	11
5303	35
5304	6
5305	2
5306	57
5307	3
5308	2
5309	2
5310	4
5311	38
5312	17
5313	1
5314	12
5315	4
5316	52
5317	7
5318	5
5319	43
5320	7
5321	15
5322	2
5323	7
5324	4
5325	55
5326	3
5327	4
5328	1
5329	17
5330	42
5331	7
5332	20
5333	5
5334	42
5335	20
5336	12
5337	26
5338	31
5339	4
5340	17
5341	20
5342	4
5343	8
5344	1
5345	6
5346	9
5347	31
5348	19
5349	6
5350	2
5351	29
5352	33
5353	13
5354	40
5355	1
5356	6
5357	2
5358	17
5359	37
5360	3
5361	13
5362	7
5363	38
5364	51
5365	15
5366	3
5367	9
5368	2
5369	5
5370	35
5371	4
5372	7
5373	20
5374	27
5375	43
5376	22
5377	3
5378	21
5379	1
5380	2
5381	8
5382	1
5383	1
5384	5
5385	15
5386	27
5387	21
5388	32
5389	51
5390	40
5391	48
5392	4
5393	32
5394	5
5395	2
5396	19
5397	10
5398	9
5399	6
5400	8
5401	47
5402	18
5403	1
5404	55
5405	46
5406	2
5407	51
5408	44
5409	4
5410	30
5411	45
5412	6
5413	22
5414	19
5415	4
5416	1
5417	7
5418	32
5419	31
5420	3
5421	12
5422	13
5423	7
5424	3
5425	34
5426	9
5427	6
5428	27
5429	29
5430	2
5431	11
5432	26
5433	21
5434	8
5435	4
5436	2
5437	4
5438	35
5439	2
5440	13
5441	14
5442	11
5443	22
5444	7
5445	3
5446	9
5447	3
5448	22
5449	15
5450	4
5451	2
5452	1
5453	12
5454	9
5455	5
5456	42
5457	16
5458	29
5459	6
5460	3
5461	23
5462	44
5463	1
5464	39
5465	7
5466	25
5467	27
5468	53
5469	1
5470	22
5471	10
5472	14
5473	5
5474	18
5475	4
5476	19
5477	50
5478	6
5479	31
5480	5
5481	5
5482	23
5483	52
5484	50
5485	6
5486	4
5487	12
5488	4
5489	24
5490	1
5491	7
5492	6
5493	57
5494	2
5495	53
5496	1
5497	32
5498	23
5499	3
5500	12
5501	1
5502	39
5503	18
5504	5
5505	36
5506	3
5507	2
5508	56
5509	61
5510	5
5511	33
5512	25
5513	1
5514	32
5515	5
5516	5
5517	20
5518	4
5519	1
5520	30
5521	2
5522	31
5523	6
5524	10
5525	2
5526	10
5527	47
5528	16
5529	24
5530	57
5531	33
5532	58
5533	2
5534	14
5535	4
5536	1
5537	4
5538	2
5539	2
5540	20
5541	53
5542	6
5543	4
5544	8
5545	59
5546	6
5547	2
5548	10
5549	1
5550	6
5551	5
5552	4
5553	39
5554	54
5555	17
5556	49
5557	50
5558	1
5559	42
5560	53
5561	6
5562	16
5563	17
5564	29
5565	7
5566	5
5567	13
5568	51
5569	19
5570	40
5571	8
5572	22
5573	9
5574	7
5575	10
5576	13
5577	7
5578	1
5579	2
5580	43
5581	3
5582	2
5583	50
5584	42
5585	53
5586	18
5587	8
5588	22
5589	3
5590	1
5591	5
5592	50
5593	1
5594	5
5595	1
5596	33
5597	4
5598	8
5599	30
5600	4
5601	47
5602	51
5603	7
5604	10
5605	25
5606	7
5607	3
5608	5
5609	18
5610	1
5611	2
5612	23
5613	23
5614	37
5615	26
5616	56
5617	4
5618	48
5619	4
5620	5
5621	4
5622	1
5623	20
5624	12
5625	32
5626	9
5627	2
5628	1
5629	20
5630	34
5631	1
5632	57
5633	1
5634	21
5635	10
5636	17
5637	27
5638	5
5639	2
5640	23
5641	5
5642	6
5643	5
5644	6
5645	1
5646	9
5647	24
5648	6
5649	1
5650	26
5651	15
5652	15
5653	3
5654	6
5655	5
5656	6
5657	2
5658	7
5659	9
5660	2
5661	9
5662	18
5663	3
5664	1
5665	11
5666	3
5667	6
5668	14
5669	40
5670	20
5671	16
5672	61
5673	18
5674	39
5675	2
5676	14
5677	16
5678	57
5679	1
5680	2
5681	17
5682	1
5683	5
5684	60
5685	7
5686	6
5687	5
5688	9
5689	2
5690	5
5691	11
5692	5
5693	6
5694	15
5695	6
5696	27
5697	8
5698	46
5699	5
5700	56
5701	52
5702	8
5703	6
5704	31
5705	61
5706	1
5707	3
5708	1
5709	39
5710	4
5711	28
5712	11
5713	42
5714	6
5715	1
5716	39
5717	58
5718	1
5719	24
5720	21
5721	11
5722	1
5723	14
5724	9
5725	9
5726	5
5727	26
5728	35
5729	7
5730	22
5731	6
5732	47
5733	2
5734	1
5735	33
5736	13
5737	43
5738	1
5739	4
5740	6
5741	19
5742	4
5743	24
5744	3
5745	4
5746	2
5747	2
5748	52
5749	4
5750	32
5751	1
5752	42
5753	49
5754	50
5755	2
5756	6
5757	3
5758	4
5759	46
5760	2
5761	8
5762	22
5763	5
5764	42
5765	1
5766	6
5767	7
5768	34
5769	32
5770	50
5771	8
5772	5
5773	3
5774	7
5775	57
5776	4
5777	7
5778	5
5779	2
5780	14
5781	15
5782	5
5783	12
5784	18
5785	61
5786	1
5787	5
5788	2
5789	46
5790	7
5791	8
5792	7
5793	2
5794	5
5795	59
5796	4
5797	6
5798	3
5799	44
5800	21
5801	10
5802	59
5803	28
5804	3
5805	18
5806	43
5807	14
5808	7
5809	50
5810	8
5811	17
5812	12
5813	49
5814	23
5815	2
5816	3
5817	14
5818	2
5819	12
5820	50
5821	57
5822	1
5823	5
5824	5
5825	12
5826	17
5827	40
5828	13
5829	5
5830	19
5831	15
5832	30
5833	32
5834	20
5835	4
5836	11
5837	1
5838	23
5839	24
5840	10
5841	6
5842	30
5843	2
5844	27
5845	14
5846	5
5847	7
5848	11
5849	1
5850	26
5851	1
5852	53
5853	26
5854	23
5855	5
5856	29
5857	10
5858	2
5859	17
5860	4
5861	16
5862	10
5863	55
5864	34
5865	6
5866	11
5867	17
5868	26
5869	23
5870	3
5871	54
5872	2
5873	27
5874	12
5875	7
5876	40
5877	3
5878	28
5879	57
5880	60
5881	2
5882	4
5883	18
5884	6
5885	6
5886	2
5887	17
5888	47
5889	33
5890	13
5891	47
5892	7
5893	32
5894	42
5895	3
5896	16
5897	7
5898	23
5899	46
5900	31
5901	36
5902	29
5903	3
5904	10
5905	43
5906	1
5907	2
5908	7
5909	3
5910	2
5911	4
5912	41
5913	24
5914	29
5915	9
5916	22
5917	56
5918	39
5919	40
5920	6
5921	2
5922	3
5923	7
5924	3
5925	26
5926	1
5927	7
5928	7
5929	20
5930	46
5931	26
5932	1
5933	7
5934	6
5935	14
5936	10
5937	1
5938	2
5939	7
5940	31
5941	2
5942	25
5943	5
5944	2
5945	4
5946	4
5947	5
5948	21
5949	25
5950	15
5951	43
5952	14
5953	15
5954	59
5955	30
5956	55
5957	3
5958	22
5959	8
5960	44
5961	14
5962	24
5963	1
5964	24
5965	8
5966	1
5967	45
5968	12
5969	51
5970	7
5971	60
5972	50
5973	2
5974	5
5975	2
5976	6
5977	4
5978	32
5979	26
5980	9
5981	6
5982	41
5983	53
5984	5
5985	8
5986	2
5987	5
5988	52
5989	11
5990	35
5991	23
5992	13
5993	2
5994	19
5995	14
5996	25
5997	23
5998	7
5999	15
6000	6
6001	25
6002	2
6003	7
6004	5
6005	6
6006	1
6007	3
6008	28
6009	36
6010	20
6011	1
6012	8
6013	2
6014	1
6015	7
6016	57
6017	2
6018	13
6019	29
6020	18
6021	59
6022	15
6023	6
6024	57
6025	7
6026	26
6027	29
6028	37
6029	19
6030	2
6031	1
6032	5
6033	11
6034	3
6035	2
6036	12
6037	17
6038	1
6039	2
6040	22
6041	32
6042	44
6043	28
6044	17
6045	24
6046	3
6047	5
6048	4
6049	20
6050	1
6051	4
6052	50
6053	4
6054	16
6055	3
6056	17
6057	1
6058	14
6059	39
6060	34
6061	3
6062	5
6063	5
6064	6
6065	1
6066	19
6067	2
6068	2
6069	22
6070	9
6071	58
6072	3
6073	35
6074	2
6075	47
6076	39
6077	9
6078	17
6079	23
6080	38
6081	59
6082	35
6083	7
6084	1
6085	19
6086	3
6087	50
6088	17
6089	1
6090	3
6091	52
6092	7
6093	6
6094	1
6095	1
6096	6
6097	2
6098	9
6099	56
6100	1
6101	6
6102	58
6103	18
6104	7
6105	6
6106	9
6107	4
6108	30
6109	32
6110	2
6111	6
6112	10
6113	3
6114	3
6115	26
6116	10
6117	8
6118	5
6119	49
6120	59
6121	6
6122	27
6123	4
6124	12
6125	6
6126	4
6127	1
6128	14
6129	3
6130	13
6131	6
6132	6
6133	16
6134	22
6135	8
6136	6
6137	20
6138	12
6139	18
6140	29
6141	4
6142	6
6143	18
6144	41
6145	6
6146	5
6147	33
6148	1
6149	18
6150	12
6151	1
6152	15
6153	52
6154	18
6155	7
6156	1
6157	1
6158	29
6159	43
6160	57
6161	42
6162	7
6163	5
6164	35
6165	8
6166	26
6167	55
6168	2
6169	2
6170	1
6171	13
6172	4
6173	17
6174	23
6175	17
6176	7
6177	60
6178	3
6179	4
6180	9
6181	21
6182	50
6183	1
6184	24
6185	6
6186	24
6187	4
6188	1
6189	41
6190	2
6191	3
6192	28
6193	30
6194	57
6195	4
6196	18
6197	38
6198	16
6199	61
6200	4
6201	52
6202	9
6203	20
6204	2
6205	15
6206	23
6207	5
6208	35
6209	6
6210	16
6211	44
6212	48
6213	3
6214	2
6215	11
6216	2
6217	19
6218	44
6219	48
6220	11
6221	5
6222	48
6223	11
6224	3
6225	3
6226	31
6227	5
6228	6
6229	2
6230	26
6231	23
6232	7
6233	43
6234	6
6235	49
6236	56
6237	5
6238	1
6239	6
6240	5
6241	2
6242	29
6243	6
6244	4
6245	5
6246	12
6247	1
6248	2
6249	12
6250	44
6251	5
6252	7
6253	39
6254	34
6255	44
6256	5
6257	5
6258	1
6259	6
6260	18
6261	26
6262	2
6263	11
6264	8
6265	25
6266	9
6267	39
6268	2
6269	1
6270	11
6271	8
6272	48
6273	49
6274	13
6275	26
6276	54
6277	8
6278	1
6279	14
6280	1
6281	3
6282	1
6283	5
6284	20
6285	47
6286	16
6287	24
6288	4
6289	35
6290	3
6291	3
6292	15
6293	3
6294	1
6295	3
6296	30
6297	14
6298	11
6299	12
6300	4
6301	6
6302	20
6303	21
6304	5
6305	46
6306	19
6307	19
6308	3
6309	16
6310	2
6311	4
6312	43
6313	4
6314	6
6315	7
6316	3
6317	5
6318	19
6319	25
6320	5
6321	5
6322	12
6323	5
6324	11
6325	14
6326	6
6327	48
6328	26
6329	18
6330	31
6331	12
6332	23
6333	7
6334	14
6335	22
6336	1
6337	41
6338	1
6339	33
6340	6
6341	3
6342	19
6343	48
6344	7
6345	60
6346	17
6347	2
6348	30
6349	7
6350	25
6351	3
6352	21
6353	12
6354	21
6355	55
6356	28
6357	30
6358	2
6359	5
6360	6
6361	5
6362	5
6363	17
6364	4
6365	47
6366	12
6367	2
6368	5
6369	59
6370	38
6371	4
6372	28
6373	10
6374	27
6375	5
6376	32
6377	1
6378	17
6379	48
6380	11
6381	14
6382	18
6383	4
6384	37
6385	9
6386	37
6387	8
6388	4
6389	14
6390	5
6391	4
6392	6
6393	4
6394	11
6395	8
6396	40
6397	7
6398	3
6399	13
6400	58
6401	2
6402	1
6403	4
6404	32
6405	4
6406	14
6407	3
6408	3
6409	6
6410	3
6411	23
6412	4
6413	54
6414	12
6415	5
6416	1
6417	44
6418	1
6419	10
6420	9
6421	4
6422	45
6423	13
6424	61
6425	1
6426	17
6427	41
6428	12
6429	7
6430	2
6431	1
6432	24
6433	10
6434	6
6435	35
6436	1
6437	29
6438	1
6439	7
6440	14
6441	6
6442	1
6443	27
6444	17
6445	2
6446	5
6447	13
6448	5
6449	5
6450	4
6451	4
6452	2
6453	17
6454	11
6455	4
6456	23
6457	40
6458	5
6459	48
6460	55
6461	32
6462	59
6463	9
6464	31
6465	7
6466	24
6467	6
6468	42
6469	3
6470	11
6471	51
6472	5
6473	24
6474	1
6475	52
6476	4
6477	5
6478	6
6479	2
6480	28
6481	2
6482	49
6483	11
6484	30
6485	3
6486	1
6487	11
6488	7
6489	1
6490	41
6491	31
6492	4
6493	23
6494	5
6495	47
6496	37
6497	5
6498	19
6499	7
6500	5
6501	27
6502	2
6503	6
6504	4
6505	6
6506	33
6507	6
6508	10
6509	6
6510	3
6511	1
6512	38
6513	4
6514	2
6515	5
6516	2
6517	1
6518	10
6519	6
6520	25
6521	41
6522	1
6523	6
6524	10
6525	11
6526	5
6527	33
6528	7
6529	19
6530	1
6531	11
6532	7
6533	39
6534	48
6535	5
6536	2
6537	5
6538	13
6539	12
6540	21
6541	8
6542	1
6543	12
6544	5
6545	1
6546	7
6547	6
6548	1
6549	5
6550	22
6551	5
6552	18
6553	23
6554	9
6555	11
6556	38
6557	6
6558	23
6559	24
6560	56
6561	3
6562	23
6563	6
6564	5
6565	53
6566	7
6567	58
6568	3
6569	12
6570	7
6571	28
6572	25
6573	1
6574	3
6575	29
6576	60
6577	54
6578	8
6579	6
6580	50
6581	12
6582	22
6583	24
6584	22
6585	15
6586	35
6587	3
6588	26
6589	28
6590	1
6591	4
6592	18
6593	17
6594	11
6595	5
6596	4
6597	2
6598	3
6599	2
6600	8
6601	25
6602	6
6603	3
6604	7
6605	2
6606	5
6607	50
6608	6
6609	36
6610	12
6611	3
6612	28
6613	4
6614	2
6615	33
6616	2
6617	8
6618	44
6619	8
6620	7
6621	1
6622	33
6623	5
6624	2
6625	5
6626	49
6627	20
6628	24
6629	26
6630	3
6631	2
6632	20
6633	4
6634	4
6635	10
6636	7
6637	6
6638	7
6639	4
6640	1
6641	1
6642	61
6643	1
6644	2
6645	3
6646	18
6647	8
6648	47
6649	5
6650	5
6651	35
6652	31
6653	42
6654	5
6655	19
6656	5
6657	32
6658	3
6659	5
6660	1
6661	24
6662	5
6663	45
6664	1
6665	3
6666	5
6667	10
6668	2
6669	45
6670	5
6671	13
6672	38
6673	4
6674	3
6675	20
6676	5
6677	1
6678	7
6679	3
6680	8
6681	2
6682	3
6683	24
6684	24
6685	1
6686	47
6687	54
6688	2
6689	10
6690	7
6691	1
6692	1
6693	6
6694	42
6695	41
6696	3
6697	19
6698	26
6699	26
6700	1
6701	3
6702	6
6703	13
6704	13
6705	51
6706	6
6707	55
6708	41
6709	7
6710	6
6711	20
6712	23
6713	11
6714	10
6715	55
6716	10
6717	3
6718	45
6719	14
6720	8
6721	4
6722	3
6723	7
6724	17
6725	15
6726	2
6727	8
6728	36
6729	22
6730	3
6731	13
6732	6
6733	2
6734	12
6735	57
6736	4
6737	6
6738	14
6739	7
6740	1
6741	8
6742	5
6743	4
6744	43
6745	20
6746	11
6747	5
6748	20
6749	7
6750	2
6751	1
6752	9
6753	2
6754	1
6755	29
6756	23
6757	14
6758	25
6759	7
6760	55
6761	20
6762	34
6763	7
6764	10
6765	51
6766	10
6767	3
6768	58
6769	59
6770	18
6771	9
6772	30
6773	11
6774	20
6775	7
6776	15
6777	3
6778	7
6779	57
6780	34
6781	7
6782	3
6783	5
6784	2
6785	21
6786	20
6787	7
6788	19
6789	7
6790	9
6791	4
6792	1
6793	33
6794	6
6795	24
6796	10
6797	34
6798	6
6799	29
6800	35
6801	37
6802	56
6803	42
6804	59
6805	2
6806	1
6807	22
6808	22
6809	3
6810	6
6811	3
6812	30
6813	16
6814	14
6815	31
6816	44
6817	24
6818	5
6819	6
6820	10
6821	3
6822	9
6823	2
6824	5
6825	17
6826	39
6827	29
6828	43
6829	14
6830	1
6831	16
6832	19
6833	11
6834	10
6835	22
6836	26
6837	20
6838	24
6839	6
6840	56
6841	4
6842	7
6843	2
6844	15
6845	23
6846	5
6847	2
6848	3
6849	28
6850	7
6851	4
6852	52
6853	7
6854	1
6855	1
6856	59
6857	50
6858	5
6859	40
6860	15
6861	1
6862	39
6863	5
6864	7
6865	35
6866	4
6867	7
6868	8
6869	3
6870	2
6871	16
6872	26
6873	7
6874	9
6875	3
6876	37
6877	30
6878	42
6879	10
6880	7
6881	37
6882	57
6883	10
6884	3
6885	8
6886	57
6887	2
6888	2
6889	20
6890	9
6891	20
6892	3
6893	22
6894	2
6895	1
6896	4
6897	5
6898	54
6899	46
6900	26
6901	1
6902	7
6903	1
6904	4
6905	4
6906	5
6907	53
6908	4
6909	8
6910	3
6911	2
6912	5
6913	39
6914	22
6915	13
6916	9
6917	6
6918	20
6919	7
6920	5
6921	24
6922	1
6923	4
6924	15
6925	4
6926	1
6927	46
6928	4
6929	13
6930	12
6931	15
6932	55
6933	1
6934	19
6935	61
6936	14
6937	3
6938	2
6939	26
6940	7
6941	33
6942	29
6943	47
6944	47
6945	3
6946	29
6947	2
6948	14
6949	1
6950	2
6951	13
6952	6
6953	16
6954	22
6955	3
6956	2
6957	14
6958	21
6959	46
6960	3
6961	29
6962	32
6963	5
6964	8
6965	54
6966	5
6967	6
6968	1
6969	5
6970	2
6971	45
6972	23
6973	4
6974	50
6975	17
6976	6
6977	15
6978	3
6979	7
6980	8
6981	6
6982	25
6983	32
6984	38
6985	2
6986	19
6987	19
6988	24
6989	2
6990	17
6991	2
6992	7
6993	1
6994	7
6995	7
6996	50
6997	14
6998	31
6999	28
7000	33
7001	58
7002	18
7003	6
7004	6
7005	1
7006	30
7007	45
7008	12
7009	10
7010	2
7011	11
7012	39
7013	35
7014	5
7015	1
7016	1
7017	2
7018	8
7019	42
7020	33
7021	10
7022	25
7023	15
7024	2
7025	33
7026	54
7027	53
7028	4
7029	8
7030	8
7031	5
7032	7
7033	2
7034	19
7035	22
7036	5
7037	41
7038	33
7039	29
7040	2
7041	3
7042	10
7043	13
7044	1
7045	18
7046	42
7047	28
7048	39
7049	1
7050	4
7051	2
7052	2
7053	8
7054	7
7055	5
7056	11
7057	31
7058	30
7059	19
7060	8
7061	14
7062	12
7063	8
7064	3
7065	11
7066	2
7067	53
7068	2
7069	6
7070	56
7071	23
7072	1
7073	6
7074	8
7075	17
7076	4
7077	28
7078	19
7079	4
7080	10
7081	2
7082	18
7083	6
7084	25
7085	15
7086	6
7087	2
7088	3
7089	7
7090	23
7091	13
7092	39
7093	7
7094	1
7095	60
7096	2
7097	5
7098	6
7099	18
7100	24
7101	10
7102	3
7103	5
7104	43
7105	6
7106	6
7107	30
7108	14
7109	3
7110	3
7111	35
7112	10
7113	4
7114	3
7115	5
7116	3
7117	52
7118	21
7119	15
7120	14
7121	55
7122	1
7123	8
7124	14
7125	9
7126	7
7127	45
7128	11
7129	14
7130	4
7131	8
7132	5
7133	4
7134	5
7135	7
7136	49
7137	22
7138	3
7139	2
7140	17
7141	40
7142	6
7143	2
7144	32
7145	43
7146	57
7147	44
7148	16
7149	27
7150	21
7151	39
7152	46
7153	5
7154	18
7155	2
7156	14
7157	5
7158	57
7159	9
7160	4
7161	6
7162	25
7163	35
7164	28
7165	3
7166	15
7167	14
7168	4
7169	31
7170	52
7171	12
7172	45
7173	2
7174	6
7175	17
7176	52
7177	4
7178	5
7179	2
7180	9
7181	7
7182	8
7183	36
7184	11
7185	32
7186	13
7187	2
7188	27
7189	2
7190	16
7191	8
7192	19
7193	4
7194	14
7195	3
7196	44
7197	28
7198	23
7199	39
7200	46
7201	17
7202	11
7203	6
7204	4
7205	3
7206	18
7207	7
7208	14
7209	21
7210	43
7211	6
7212	2
7213	44
7214	56
7215	3
7216	3
7217	55
7218	29
7219	1
7220	9
7221	34
7222	7
7223	9
7224	6
7225	4
7226	58
7227	1
7228	5
7229	6
7230	35
7231	4
7232	43
7233	2
7234	7
7235	3
7236	32
7237	19
7238	27
7239	12
7240	2
7241	21
7242	3
7243	31
7244	6
7245	22
7246	6
7247	36
7248	5
7249	60
7250	7
7251	49
7252	10
7253	1
7254	11
7255	16
7256	55
7257	22
7258	4
7259	6
7260	23
7261	4
7262	8
7263	3
7264	3
7265	45
7266	9
7267	9
7268	4
7269	37
7270	4
7271	33
7272	26
7273	10
7274	9
7275	38
7276	33
7277	2
7278	15
7279	1
7280	5
7281	11
7282	3
7283	8
7284	2
7285	3
7286	21
7287	25
7288	5
7289	54
7290	2
7291	56
7292	3
7293	13
7294	33
7295	19
7296	1
7297	16
7298	25
7299	61
7300	18
7301	1
7302	17
7303	5
7304	30
7305	10
7306	11
7307	30
7308	21
7309	20
7310	2
7311	21
7312	33
7313	10
7314	40
7315	49
7316	24
7317	1
7318	23
7319	26
7320	37
7321	2
7322	12
7323	21
7324	10
7325	7
7326	43
7327	2
7328	20
7329	8
7330	8
7331	16
7332	5
7333	2
7334	10
7335	14
7336	40
7337	23
7338	2
7339	3
7340	1
7341	48
7342	7
7343	8
7344	1
7345	43
7346	2
7347	7
7348	6
7349	3
7350	5
7351	18
7352	1
7353	15
7354	12
7355	24
7356	30
7357	9
7358	5
7359	2
7360	29
7361	3
7362	1
7363	6
7364	2
7365	5
7366	3
7367	3
7368	18
7369	6
7370	36
7371	9
7372	4
7373	49
7374	46
7375	7
7376	21
7377	7
7378	2
7379	7
7380	3
7381	18
7382	1
7383	14
7384	13
7385	2
7386	44
7387	3
7388	13
7389	1
7390	23
7391	39
7392	17
7393	55
7394	34
7395	28
7396	40
7397	58
7398	2
7399	9
7400	2
7401	39
7402	38
7403	39
7404	18
7405	31
7406	5
7407	22
7408	35
7409	5
7410	1
7411	6
7412	3
7413	1
7414	51
7415	3
7416	21
7417	32
7418	4
7419	15
7420	2
7421	4
7422	50
7423	13
7424	4
7425	37
7426	6
7427	9
7428	15
7429	4
7430	27
7431	4
7432	13
7433	22
7434	52
7435	27
7436	3
7437	6
7438	8
7439	9
7440	41
7441	26
7442	15
7443	5
7444	8
7445	5
7446	1
7447	3
7448	15
7449	2
7450	21
7451	59
7452	49
7453	6
7454	17
7455	1
7456	1
7457	54
7458	3
7459	2
7460	1
7461	13
7462	41
7463	22
7464	2
7465	41
7466	14
7467	52
7468	40
7469	6
7470	54
7471	6
7472	20
7473	27
7474	6
7475	2
7476	3
7477	4
7478	6
7479	2
7480	2
7481	5
7482	13
7483	37
7484	8
7485	20
7486	56
7487	52
7488	13
7489	1
7490	6
7491	21
7492	52
7493	7
7494	24
7495	9
7496	6
7497	7
7498	5
7499	41
7500	9
7501	16
7502	5
7503	10
7504	6
7505	14
7506	6
7507	25
7508	6
7509	3
7510	3
7511	48
7512	50
7513	4
7514	20
7515	50
7516	1
7517	59
7518	9
7519	54
7520	6
7521	36
7522	14
7523	5
7524	5
7525	18
7526	5
7527	22
7528	14
7529	59
7530	13
7531	54
7532	8
7533	35
7534	7
7535	10
7536	34
7537	6
7538	24
7539	35
7540	3
7541	12
7542	23
7543	11
7544	37
7545	7
7546	27
7547	11
7548	8
7549	46
7550	2
7551	13
7552	4
7553	4
7554	20
7555	16
7556	7
7557	5
7558	3
7559	32
7560	15
7561	10
7562	40
7563	4
7564	28
7565	4
7566	4
7567	14
7568	56
7569	49
7570	2
7571	5
7572	13
7573	11
7574	19
7575	3
7576	59
7577	1
7578	57
7579	3
7580	2
7581	15
7582	13
7583	31
7584	18
7585	30
7586	8
7587	2
7588	5
7589	1
7590	1
7591	29
7592	42
7593	5
7594	8
7595	53
7596	30
7597	26
7598	38
7599	27
7600	30
7601	6
7602	2
7603	26
7604	25
7605	6
7606	37
7607	17
7608	3
7609	36
7610	40
7611	2
7612	15
7613	35
7614	4
7615	7
7616	18
7617	56
7618	10
7619	15
7620	7
7621	6
7622	18
7623	2
7624	13
7625	8
7626	6
7627	13
7628	26
7629	17
7630	19
7631	43
7632	3
7633	26
7634	53
7635	3
7636	6
7637	2
7638	22
7639	18
7640	7
7641	23
7642	11
7643	29
7644	1
7645	18
7646	6
7647	46
7648	1
7649	4
7650	6
7651	12
7652	35
7653	61
7654	13
7655	58
7656	17
7657	1
7658	28
7659	25
7660	11
7661	15
7662	6
7663	9
7664	1
7665	2
7666	4
7667	33
7668	16
7669	6
7670	1
7671	30
7672	6
7673	51
7674	2
7675	7
7676	38
7677	2
7678	5
7679	7
7680	31
7681	2
7682	20
7683	6
7684	22
7685	3
7686	48
7687	7
7688	1
7689	38
7690	13
7691	9
7692	1
7693	21
7694	5
7695	54
7696	24
7697	4
7698	6
7699	5
7700	3
7701	11
7702	9
7703	8
7704	5
7705	10
7706	1
7707	47
7708	10
7709	5
7710	8
7711	8
7712	8
7713	5
7714	46
7715	49
7716	3
7717	3
7718	18
7719	31
7720	5
7721	18
7722	51
7723	8
7724	11
7725	47
7726	1
7727	24
7728	2
7729	48
7730	42
7731	32
7732	5
7733	29
7734	4
7735	6
7736	2
7737	18
7738	9
7739	39
7740	8
7741	3
7742	11
7743	2
7744	21
7745	6
7746	42
7747	48
7748	31
7749	4
7750	1
7751	34
7752	5
7753	7
7754	17
7755	12
7756	1
7757	4
7758	4
7759	8
7760	2
7761	18
7762	20
7763	52
7764	13
7765	4
7766	3
7767	5
7768	2
7769	5
7770	38
7771	1
7772	26
7773	4
7774	2
7775	13
7776	1
7777	6
7778	15
7779	16
7780	3
7781	23
7782	3
7783	2
7784	37
7785	17
7786	60
7787	42
7788	5
7789	2
7790	4
7791	43
7792	2
7793	1
7794	17
7795	3
7796	14
7797	49
7798	25
7799	15
7800	1
7801	4
7802	3
7803	2
7804	18
7805	6
7806	12
7807	6
7808	1
7809	14
7810	2
7811	3
7812	28
7813	11
7814	3
7815	8
7816	4
7817	60
7818	2
7819	10
7820	5
7821	12
7822	16
7823	22
7824	49
7825	15
7826	13
7827	7
7828	1
7829	6
7830	36
7831	22
7832	7
7833	11
7834	21
7835	1
7836	1
7837	52
7838	27
7839	48
7840	16
7841	8
7842	31
7843	5
7844	47
7845	6
7846	12
7847	21
7848	9
7849	7
7850	4
7851	7
7852	2
7853	24
7854	9
7855	17
7856	37
7857	8
7858	61
7859	26
7860	2
7861	9
7862	7
7863	19
7864	2
7865	4
7866	27
7867	5
7868	2
7869	16
7870	41
7871	17
7872	5
7873	5
7874	16
7875	39
7876	4
7877	56
7878	1
7879	2
7880	1
7881	51
7882	15
7883	56
7884	1
7885	18
7886	43
7887	13
7888	1
7889	30
7890	20
7891	7
7892	9
7893	7
7894	54
7895	14
7896	3
7897	2
7898	3
7899	2
7900	30
7901	7
7902	5
7903	8
7904	5
7905	9
7906	4
7907	3
7908	52
7909	7
7910	3
7911	39
7912	11
7913	7
7914	2
7915	28
7916	34
7917	29
7918	39
7919	9
7920	7
7921	3
7922	38
7923	5
7924	25
7925	1
7926	49
7927	1
7928	4
7929	53
7930	1
7931	6
7932	31
7933	55
7934	2
7935	36
7936	42
7937	22
7938	40
7939	55
7940	11
7941	3
7942	50
7943	21
7944	12
7945	9
7946	2
7947	2
7948	29
7949	1
7950	17
7951	2
7952	30
7953	3
7954	33
7955	16
7956	3
7957	56
7958	7
7959	11
7960	2
7961	46
7962	3
7963	13
7964	17
7965	1
7966	4
7967	3
7968	7
7969	3
7970	22
7971	19
7972	24
7973	2
7974	27
7975	2
7976	23
7977	1
7978	7
7979	61
7980	31
7981	26
7982	52
7983	4
7984	4
7985	30
7986	20
7987	2
7988	27
7989	1
7990	12
7991	16
7992	15
7993	54
7994	21
7995	1
7996	25
7997	7
7998	4
7999	9
8000	2
8001	1
8002	1
8003	7
8004	24
8005	6
8006	3
8007	40
8008	4
8009	58
8010	1
8011	35
8012	3
8013	5
8014	13
8015	9
8016	4
8017	1
8018	16
8019	4
8020	8
8021	1
8022	29
8023	9
8024	10
8025	13
8026	8
8027	19
8028	15
8029	1
8030	1
8031	9
8032	8
8033	59
8034	22
8035	3
8036	5
8037	2
8038	28
8039	5
8040	43
8041	3
8042	12
8043	5
8044	33
8045	1
8046	28
8047	4
8048	25
8049	2
8050	19
8051	6
8052	42
8053	13
8054	1
8055	19
8056	17
8057	8
8058	9
8059	29
8060	5
8061	45
8062	23
8063	4
8064	6
8065	3
8066	45
8067	47
8068	1
8069	6
8070	8
8071	60
8072	6
8073	59
8074	6
8075	13
8076	7
8077	6
8078	4
8079	5
8080	4
8081	17
8082	4
8083	3
8084	15
8085	6
8086	7
8087	37
8088	7
8089	10
8090	1
8091	2
8092	35
8093	1
8094	11
8095	30
8096	2
8097	16
8098	3
8099	4
8100	5
8101	35
8102	3
8103	26
8104	37
8105	50
8106	13
8107	6
8108	42
8109	9
8110	22
8111	5
8112	6
8113	17
8114	28
8115	6
8116	31
8117	2
8118	2
8119	5
8120	2
8121	25
8122	10
8123	2
8124	44
8125	4
8126	3
8127	5
8128	7
8129	4
8130	5
8131	37
8132	2
8133	43
8134	18
8135	2
8136	1
8137	6
8138	6
8139	9
8140	7
8141	56
8142	25
8143	15
8144	12
8145	12
8146	14
8147	2
8148	20
8149	4
8150	2
8151	16
8152	28
8153	1
8154	24
8155	26
8156	1
8157	3
8158	9
8159	44
8160	7
8161	2
8162	1
8163	14
8164	37
8165	20
8166	44
8167	41
8168	10
8169	1
8170	15
8171	19
8172	31
8173	1
8174	8
8175	12
8176	1
8177	46
8178	6
8179	2
8180	12
8181	60
8182	4
8183	7
8184	8
8185	10
8186	6
8187	21
8188	4
8189	8
8190	5
8191	5
8192	31
8193	7
8194	22
8195	2
8196	25
8197	8
8198	22
8199	1
8200	26
8201	10
8202	1
8203	14
8204	2
8205	10
8206	37
8207	25
8208	43
8209	10
8210	4
8211	6
8212	9
8213	30
8214	19
8215	10
8216	6
8217	2
8218	12
8219	30
8220	49
8221	48
8222	15
8223	9
8224	1
8225	27
8226	5
8227	19
8228	2
8229	10
8230	3
8231	14
8232	47
8233	3
8234	7
8235	47
8236	6
8237	13
8238	9
8239	5
8240	20
8241	6
8242	3
8243	9
8244	3
8245	2
8246	3
8247	28
8248	11
8249	44
8250	2
8251	5
8252	51
8253	18
8254	7
8255	39
8256	12
8257	4
8258	1
8259	24
8260	1
8261	2
8262	20
8263	2
8264	10
8265	7
8266	50
8267	53
8268	4
8269	7
8270	40
8271	4
8272	6
8273	41
8274	5
8275	36
8276	4
8277	45
8278	4
8279	17
8280	49
8281	3
8282	3
8283	11
8284	6
8285	2
8286	1
8287	61
8288	9
8289	6
8290	10
8291	39
8292	11
8293	1
8294	26
8295	8
8296	6
8297	6
8298	52
8299	5
8300	28
8301	15
8302	2
8303	25
8304	8
8305	47
8306	1
8307	60
8308	39
8309	12
8310	7
8311	24
8312	4
8313	21
8314	2
8315	5
8316	6
8317	2
8318	3
8319	54
8320	12
8321	23
8322	38
8323	29
8324	7
8325	6
8326	46
8327	18
8328	5
8329	45
8330	4
8331	2
8332	28
8333	8
8334	33
8335	21
8336	21
8337	32
8338	59
8339	27
8340	6
8341	2
8342	2
8343	2
8344	3
8345	1
8346	46
8347	7
8348	6
8349	55
8350	10
8351	3
8352	6
8353	1
8354	1
8355	7
8356	6
8357	14
8358	9
8359	1
8360	5
8361	17
8362	4
8363	1
8364	12
8365	36
8366	5
8367	18
8368	25
8369	10
8370	32
8371	23
8372	14
8373	19
8374	9
8375	14
8376	14
8377	38
8378	7
8379	4
8380	2
8381	3
8382	53
8383	19
8384	7
8385	10
8386	4
8387	26
8388	17
8389	3
8390	24
8391	24
8392	13
8393	3
8394	27
8395	11
8396	28
8397	10
8398	22
8399	6
8400	1
8401	9
8402	25
8403	52
8404	10
8405	5
8406	2
8407	53
8408	3
8409	44
8410	39
8411	6
8412	24
8413	26
8414	4
8415	46
8416	6
8417	7
8418	19
8419	5
8420	4
8421	3
8422	13
8423	2
8424	15
8425	11
8426	2
8427	11
8428	22
8429	45
8430	3
8431	15
8432	15
8433	2
8434	4
8435	5
8436	3
8437	3
8438	36
8439	3
8440	7
8441	38
8442	23
8443	5
8444	44
8445	31
8446	12
8447	8
8448	19
8449	37
8450	4
8451	5
8452	1
8453	1
8454	1
8455	48
8456	6
8457	34
8458	2
8459	29
8460	8
8461	17
8462	11
8463	11
8464	11
8465	5
8466	14
8467	5
8468	2
8469	6
8470	27
8471	3
8472	2
8473	6
8474	31
8475	3
8476	12
8477	50
8478	12
8479	55
8480	19
8481	33
8482	4
8483	27
8484	5
8485	1
8486	31
8487	43
8488	9
8489	2
8490	6
8491	8
8492	5
8493	8
8494	2
8495	4
8496	2
8497	23
8498	10
8499	18
8500	7
8501	8
8502	10
8503	3
8504	38
8505	22
8506	50
8507	5
8508	1
8509	23
8510	12
8511	3
8512	7
8513	3
8514	58
8515	26
8516	53
8517	5
8518	41
8519	2
8520	25
8521	19
8522	40
8523	22
8524	4
8525	1
8526	1
8527	23
8528	12
8529	20
8530	37
8531	8
8532	5
8533	5
8534	8
8535	23
8536	37
8537	16
8538	52
8539	36
8540	7
8541	4
8542	4
8543	7
8544	49
8545	22
8546	30
8547	3
8548	53
8549	26
8550	1
8551	4
8552	7
8553	12
8554	3
8555	36
8556	27
8557	7
8558	17
8559	4
8560	21
8561	54
8562	19
8563	4
8564	9
8565	3
8566	48
8567	32
8568	4
8569	35
8570	26
8571	44
8572	5
8573	23
8574	7
8575	8
8576	7
8577	20
8578	2
8579	50
8580	9
8581	6
8582	8
8583	2
8584	3
8585	51
8586	31
8587	20
8588	42
8589	25
8590	2
8591	9
8592	25
8593	16
8594	1
8595	28
8596	45
8597	8
8598	61
8599	38
8600	27
8601	4
8602	2
8603	54
8604	4
8605	5
8606	4
8607	8
8608	19
8609	34
8610	13
8611	11
8612	24
8613	29
8614	46
8615	12
8616	23
8617	3
8618	20
8619	6
8620	15
8621	7
8622	57
8623	6
8624	6
8625	51
8626	7
8627	1
8628	14
8629	3
8630	19
8631	30
8632	11
8633	56
8634	20
8635	39
8636	38
8637	43
8638	6
8639	31
8640	1
8641	7
8642	36
8643	6
8644	47
8645	20
8646	13
8647	7
8648	5
8649	11
8650	2
8651	4
8652	1
8653	5
8654	59
8655	2
8656	5
8657	22
8658	38
8659	18
8660	3
8661	22
8662	51
8663	43
8664	11
8665	4
8666	48
8667	35
8668	38
8669	29
8670	3
8671	1
8672	22
8673	3
8674	6
8675	3
8676	4
8677	3
8678	3
8679	9
8680	1
8681	29
8682	3
8683	4
8684	6
8685	6
8686	14
8687	35
8688	2
8689	20
8690	6
8691	4
8692	22
8693	17
8694	1
8695	8
8696	3
8697	22
8698	1
8699	1
8700	19
8701	2
8702	23
8703	4
8704	36
8705	45
8706	38
8707	13
8708	2
8709	7
8710	4
8711	6
8712	2
8713	2
8714	40
8715	12
8716	13
8717	11
8718	17
8719	6
8720	1
8721	4
8722	7
8723	1
8724	9
8725	5
8726	5
8727	22
8728	3
8729	11
8730	3
8731	6
8732	5
8733	18
8734	13
8735	5
8736	52
8737	15
8738	3
8739	17
8740	15
8741	5
8742	6
8743	24
8744	12
8745	3
8746	2
8747	6
8748	1
8749	5
8750	4
8751	19
8752	2
8753	27
8754	1
8755	2
8756	18
8757	5
8758	12
8759	2
8760	5
8761	16
8762	1
8763	4
8764	31
8765	11
8766	30
8767	49
8768	3
8769	4
8770	17
8771	21
8772	31
8773	4
8774	1
8775	6
8776	4
8777	7
8778	47
8779	23
8780	4
8781	1
8782	7
8783	4
8784	36
8785	2
8786	1
8787	14
8788	16
8789	12
8790	5
8791	4
8792	13
8793	7
8794	1
8795	10
8796	4
8797	16
8798	41
8799	2
8800	7
8801	25
8802	5
8803	12
8804	6
8805	4
8806	16
8807	7
8808	36
8809	60
8810	6
8811	5
8812	4
8813	60
8814	4
8815	7
8816	12
8817	18
8818	5
8819	7
8820	4
8821	6
8822	41
8823	2
8824	14
8825	6
8826	5
8827	7
8828	5
8829	20
8830	31
8831	18
8832	3
8833	17
8834	1
8835	5
8836	18
8837	7
8838	4
8839	48
8840	2
8841	2
8842	16
8843	33
8844	53
8845	19
8846	5
8847	7
8848	3
8849	44
8850	3
8851	5
8852	1
8853	40
8854	20
8855	15
8856	3
8857	1
8858	1
8859	31
8860	15
8861	1
8862	31
8863	44
8864	3
8865	15
8866	10
8867	6
8868	5
8869	9
8870	2
8871	36
8872	39
8873	5
8874	3
8875	14
8876	5
8877	19
8878	38
8879	8
8880	40
8881	25
8882	34
8883	5
8884	9
8885	3
8886	10
8887	33
8888	5
8889	4
8890	20
8891	10
8892	12
8893	50
8894	48
8895	15
8896	1
8897	9
8898	4
8899	14
8900	5
8901	1
8902	3
8903	7
8904	4
8905	5
8906	6
8907	10
8908	8
8909	2
8910	6
8911	15
8912	1
8913	43
8914	60
8915	53
8916	1
8917	5
8918	6
8919	46
8920	6
8921	11
8922	17
8923	10
8924	10
8925	55
8926	16
8927	2
8928	11
8929	3
8930	26
8931	8
8932	7
8933	53
8934	1
8935	45
8936	6
8937	6
8938	7
8939	13
8940	1
8941	16
8942	1
8943	1
8944	51
8945	38
8946	39
8947	22
8948	38
8949	5
8950	15
8951	10
8952	41
8953	1
8954	15
8955	26
8956	1
8957	3
8958	4
8959	47
8960	22
8961	23
8962	17
8963	46
8964	2
8965	10
8966	9
8967	1
8968	5
8969	2
8970	39
8971	25
8972	4
8973	6
8974	5
8975	1
8976	20
8977	6
8978	7
8979	9
8980	25
8981	22
8982	23
8983	12
8984	4
8985	34
8986	13
8987	21
8988	60
8989	39
8990	7
8991	7
8992	26
8993	32
8994	14
8995	7
8996	1
8997	5
8998	22
8999	3
9000	1
9001	48
9002	5
9003	58
9004	1
9005	32
9006	20
9007	2
9008	16
9009	38
9010	6
9011	16
9012	8
9013	24
9014	41
9015	3
9016	1
9017	21
9018	41
9019	2
9020	7
9021	27
9022	40
9023	20
9024	6
9025	34
9026	36
9027	8
9028	2
9029	52
9030	27
9031	5
9032	43
9033	5
9034	4
9035	1
9036	6
9037	28
9038	42
9039	1
9040	6
9041	5
9042	12
9043	2
9044	14
9045	13
9046	29
9047	1
9048	2
9049	3
9050	2
9051	6
9052	11
9053	12
9054	23
9055	12
9056	45
9057	4
9058	22
9059	7
9060	51
9061	56
9062	4
9063	4
9064	4
9065	5
9066	5
9067	6
9068	22
9069	11
9070	2
9071	6
9072	10
9073	2
9074	8
9075	60
9076	7
9077	2
9078	33
9079	19
9080	3
9081	25
9082	12
9083	46
9084	5
9085	2
9086	13
9087	2
9088	44
9089	5
9090	18
9091	7
9092	10
9093	5
9094	2
9095	3
9096	17
9097	9
9098	4
9099	1
9100	1
9101	7
9102	16
9103	5
9104	15
9105	2
9106	48
9107	10
9108	22
9109	5
9110	1
9111	43
9112	18
9113	2
9114	19
9115	7
9116	10
9117	9
9118	23
9119	18
9120	2
9121	2
9122	1
9123	52
9124	25
9125	54
9126	5
9127	1
9128	22
9129	25
9130	4
9131	55
9132	1
9133	1
9134	57
9135	1
9136	8
9137	5
9138	19
9139	41
9140	47
9141	6
9142	48
9143	28
9144	18
9145	17
9146	28
9147	5
9148	1
9149	3
9150	7
9151	52
9152	1
9153	36
9154	7
9155	7
9156	40
9157	1
9158	16
9159	6
9160	11
9161	2
9162	27
9163	9
9164	17
9165	2
9166	7
9167	4
9168	11
9169	4
9170	61
9171	34
9172	45
9173	8
9174	1
9175	7
9176	22
9177	16
9178	7
9179	53
9180	7
9181	50
9182	45
9183	27
9184	2
9185	8
9186	15
9187	7
9188	49
9189	4
9190	11
9191	5
9192	19
9193	34
9194	36
9195	36
9196	1
9197	2
9198	4
9199	13
9200	7
9201	20
9202	10
9203	5
9204	4
9205	12
9206	18
9207	13
9208	7
9209	6
9210	4
9211	18
9212	61
9213	7
9214	6
9215	5
9216	15
9217	1
9218	20
9219	5
9220	1
9221	9
9222	5
9223	6
9224	24
9225	39
9226	2
9227	12
9228	4
9229	17
9230	34
9231	7
9232	6
9233	15
9234	14
9235	3
9236	4
9237	32
9238	33
9239	47
9240	46
9241	14
9242	9
9243	8
9244	6
9245	46
9246	12
9247	9
9248	31
9249	56
9250	4
9251	15
9252	3
9253	1
9254	14
9255	16
9256	27
9257	2
9258	56
9259	18
9260	3
9261	29
9262	1
9263	1
9264	60
9265	18
9266	16
9267	52
9268	3
9269	2
9270	2
9271	55
9272	29
9273	3
9274	2
9275	15
9276	20
9277	17
9278	4
9279	1
9280	6
9281	2
9282	7
9283	3
9284	2
9285	13
9286	25
9287	1
9288	3
9289	52
9290	17
9291	7
9292	6
9293	5
9294	22
9295	38
9296	2
9297	7
9298	11
9299	20
9300	3
9301	34
9302	35
9303	2
9304	60
9305	37
9306	4
9307	33
9308	21
9309	4
9310	2
9311	15
9312	3
9313	1
9314	6
9315	1
9316	45
9317	23
9318	19
9319	1
9320	1
9321	5
9322	42
9323	5
9324	10
9325	10
9326	5
9327	13
9328	32
9329	1
9330	28
9331	11
9332	2
9333	36
9334	3
9335	45
9336	30
9337	6
9338	25
9339	1
9340	18
9341	38
9342	15
9343	12
9344	8
9345	2
9346	34
9347	26
9348	27
9349	5
9350	28
9351	4
9352	39
9353	6
9354	2
9355	8
9356	6
9357	57
9358	4
9359	7
9360	51
9361	34
9362	13
9363	25
9364	51
9365	13
9366	7
9367	10
9368	1
9369	14
9370	36
9371	3
9372	15
9373	2
9374	22
9375	31
9376	8
9377	5
9378	41
9379	49
9380	6
9381	4
9382	21
9383	59
9384	46
9385	36
9386	27
9387	9
9388	7
9389	8
9390	2
9391	7
9392	7
9393	15
9394	35
9395	10
9396	11
9397	39
9398	35
9399	1
9400	6
9401	6
9402	4
9403	3
9404	40
9405	4
9406	3
9407	14
9408	14
9409	11
9410	1
9411	3
9412	6
9413	17
9414	1
9415	1
9416	10
9417	24
9418	48
9419	1
9420	9
9421	13
9422	1
9423	6
9424	1
9425	7
9426	21
9427	1
9428	15
9429	49
9430	40
9431	59
9432	1
9433	21
9434	40
9435	4
9436	2
9437	30
9438	4
9439	13
9440	8
9441	7
9442	4
9443	3
9444	7
9445	9
9446	6
9447	6
9448	22
9449	60
9450	3
9451	25
9452	3
9453	13
9454	12
9455	6
9456	1
9457	45
9458	15
9459	7
9460	4
9461	16
9462	1
9463	4
9464	23
9465	2
9466	5
9467	35
9468	21
9469	3
9470	48
9471	9
9472	10
9473	29
9474	42
9475	1
9476	60
9477	19
9478	25
9479	56
9480	2
9481	27
9482	7
9483	58
9484	1
9485	7
9486	4
9487	15
9488	11
9489	33
9490	4
9491	16
9492	25
9493	31
9494	27
9495	54
9496	3
9497	27
9498	24
9499	3
9500	41
9501	17
9502	15
9503	7
9504	4
9505	47
9506	34
9507	3
9508	2
9509	17
9510	49
9511	1
9512	61
9513	19
9514	15
9515	3
9516	20
9517	5
9518	5
9519	6
9520	57
9521	3
9522	2
9523	9
9524	61
9525	2
9526	29
9527	33
9528	2
9529	28
9530	44
9531	6
9532	6
9533	16
9534	2
9535	1
9536	34
9537	16
9538	2
9539	5
9540	7
9541	6
9542	35
9543	28
9544	1
9545	12
9546	37
9547	7
9548	58
9549	1
9550	52
9551	46
9552	11
9553	3
9554	2
9555	4
9556	7
9557	19
9558	7
9559	3
9560	7
9561	1
9562	4
9563	29
9564	7
9565	3
9566	32
9567	2
9568	5
9569	1
9570	5
9571	7
9572	3
9573	5
9574	9
9575	6
9576	1
9577	4
9578	4
9579	43
9580	1
9581	18
9582	14
9583	2
9584	3
9585	1
9586	36
9587	19
9588	37
9589	16
9590	17
9591	29
9592	3
9593	3
9594	16
9595	32
9596	1
9597	16
9598	6
9599	3
9600	27
9601	1
9602	17
9603	56
9604	2
9605	44
9606	4
9607	7
9608	5
9609	4
9610	2
9611	3
9612	3
9613	4
9614	2
9615	34
9616	18
9617	3
9618	30
9619	29
9620	7
9621	42
9622	3
9623	1
9624	38
9625	2
9626	44
9627	47
9628	1
9629	18
9630	11
9631	19
9632	25
9633	1
9634	42
9635	44
9636	2
9637	4
9638	4
9639	2
9640	3
9641	33
9642	6
9643	6
9644	13
9645	14
9646	59
9647	4
9648	25
9649	5
9650	12
9651	9
9652	27
9653	8
9654	18
9655	18
9656	4
9657	9
9658	23
9659	1
9660	28
9661	17
9662	17
9663	21
9664	19
9665	35
9666	8
9667	10
9668	11
9669	14
9670	6
9671	10
9672	25
9673	2
9674	9
9675	54
9676	5
9677	18
9678	13
9679	3
9680	45
9681	11
9682	35
9683	6
9684	11
9685	20
9686	59
9687	53
9688	6
9689	3
9690	44
9691	1
9692	6
9693	11
9694	24
9695	1
9696	15
9697	3
9698	55
9699	11
9700	30
9701	2
9702	12
9703	4
9704	4
9705	6
9706	12
9707	6
9708	1
9709	2
9710	41
9711	1
9712	3
9713	1
9714	3
9715	27
9716	1
9717	13
9718	30
9719	15
9720	7
9721	19
9722	10
9723	31
9724	7
9725	4
9726	7
9727	46
9728	3
9729	1
9730	29
9731	55
9732	35
9733	37
9734	17
9735	7
9736	9
9737	48
9738	19
9739	6
9740	4
9741	46
9742	6
9743	29
9744	22
9745	49
9746	38
9747	12
9748	5
9749	19
9750	2
9751	6
9752	2
9753	5
9754	3
9755	29
9756	8
9757	59
9758	14
9759	1
9760	3
9761	3
9762	2
9763	54
9764	5
9765	32
9766	27
9767	10
9768	26
9769	34
9770	34
9771	7
9772	38
9773	1
9774	42
9775	6
9776	1
9777	37
9778	14
9779	11
9780	19
9781	5
9782	7
9783	30
9784	31
9785	22
9786	2
9787	50
9788	1
9789	8
9790	6
9791	4
9792	6
9793	8
9794	3
9795	10
9796	2
9797	2
9798	58
9799	12
9800	1
9801	2
9802	3
9803	1
9804	1
9805	27
9806	10
9807	44
9808	2
9809	43
9810	14
9811	2
9812	4
9813	46
9814	10
9815	45
9816	6
9817	44
9818	9
9819	12
9820	20
9821	58
9822	39
9823	17
9824	6
9825	1
9826	3
9827	11
9828	4
9829	23
9830	49
9831	22
9832	28
9833	7
9834	57
9835	2
9836	8
9837	7
9838	9
9839	2
9840	5
9841	3
9842	2
9843	23
9844	14
9845	20
9846	31
9847	27
9848	2
9849	26
9850	48
9851	6
9852	1
9853	47
9854	9
9855	33
9856	9
9857	7
9858	16
9859	1
9860	3
9861	14
9862	2
9863	3
9864	9
9865	1
9866	8
9867	10
9868	1
9869	1
9870	5
9871	3
9872	14
9873	8
9874	12
9875	27
9876	1
9877	5
9878	1
9879	3
9880	7
9881	6
9882	9
9883	1
9884	7
9885	3
9886	16
9887	6
9888	9
9889	7
9890	4
9891	9
9892	6
9893	13
9894	2
9895	13
9896	5
9897	2
9898	42
9899	23
9900	1
9901	27
9902	4
9903	6
9904	7
9905	3
9906	49
9907	6
9908	4
9909	33
9910	2
9911	2
9912	51
9913	33
9914	4
9915	56
9916	4
9917	6
9918	4
9919	3
9920	1
9921	1
9922	49
9923	10
9924	7
9925	5
9926	39
9927	29
9928	46
9929	20
9930	27
9931	7
9932	28
9933	1
9934	4
9935	8
9936	3
9937	57
9938	2
9939	43
9940	1
9941	1
9942	59
9943	5
9944	37
9945	6
9946	7
9947	26
9948	1
9949	6
9950	8
9951	37
9952	4
9953	25
9954	3
9955	61
9956	19
9957	4
9958	21
9959	3
9960	16
9961	3
9962	4
9963	14
9964	4
9965	15
9966	4
9967	20
9968	31
9969	11
9970	21
9971	5
9972	12
9973	2
9974	19
9975	4
9976	23
9977	25
9978	6
9979	55
9980	10
9981	4
9982	59
9983	6
9984	5
9985	34
9986	5
9987	4
9988	6
9989	16
9990	1
9991	23
9992	11
9993	35
9994	3
9995	2
9996	8
9997	53
9998	4
9999	2
10000	22
